301 195 3
301 204 3
301 269 4
301 283 3
301 318 2
301 423 3
301 481 3
301 515 3
302 242 3
302 268 3
302 286 3
302 300 3
302 304 3
302 313 3
302 315 3
302 316 2
302 875 3
303 258 4
303 294 4
303 300 4
303 301 4
303 305 4
303 306 4
303 319 4
303 325 4
303 332 4
303 333 4
303 340 4
303 343 4
304 136 5
304 172 5
304 193 5
304 237 5
304 245 5
304 286 4
304 480 5
304 566 4
304 603 4
304 606 5
304 705 5
305 87 3
305 204 3
305 288 3
305 327 3
305 427 3
305 651 3
305 655 3
306 1 4
306 50 4
306 127 4
306 151 4
306 252 4
306 255 4
306 748 4
306 924 4
307 111 4
307 121 3
307 125 4
307 181 3
307 220 3
307 252 4
307 258 3
307 298 4
307 300 4
307 458 3
307 546 3
307 815 4
307 926 4
308 336 4
308 353 4
308 751 4
308 873 4
308 879 4
309 268 3
309 270 3
309 292 4
309 300 3
309 302 4
309 313 4
309 335 4
309 343 4
309 346 3
309 682 4
309 689 3
309 895 3
310 21 3
310 94 4
310 181 4
310 258 3
310 300 3
310 473 3
310 596 3
311 1 4
311 50 4
311 151 4
311 259 4
311 269 4
311 272 4
311 300 4
311 736 5
312 1 4
312 9 4
312 100 4
312 129 4
312 268 4
312 276 4
312 410 4
312 475 4
312 740 5
313 243 4
313 286 4
313 289 3
313 310 3
313 311 4
313 313 4
313 323 4
313 332 4
313 748 3
314 288 4
314 300 4
314 313 4
314 319 4
314 326 4
314 333 4
314 538 4
315 117 4
315 125 4
315 243 4
315 245 4
315 288 5
315 301 4
315 304 5
315 326 4
315 339 4
315 340 4
315 410 4
315 748 4
315 988 4
316 14 3
316 25 4
316 286 4
316 313 3
316 319 3
316 321 4
316 676 3
317 272 4
317 340 4
317 345 4
317 690 4
317 902 4
318 22 5
318 258 5
318 269 5
318 286 5
318 288 4
318 301 5
318 311 4
318 313 4
318 515 5
318 525 5
318 538 5
318 882 4
319 271 2
319 288 2
319 289 3
319 301 2
319 310 2
319 322 3
319 338 3
319 538 2
319 682 3
319 690 2
319 877 2
319 989 3
320 258 4
320 262 3
320 268 4
320 269 3
320 271 4
320 305 4
320 307 3
320 325 4
320 333 4
320 689 3
320 890 4
321 150 4
321 151 3
321 191 4
321 194 5
321 198 4
321 205 4
321 222 4
321 237 4
321 276 5
321 288 4
321 455 4
321 514 4
321 538 4
321 902 4
322 7 2
322 21 2
322 24 3
322 125 3
322 222 3
322 405 3
322 410 3
322 685 3
322 849 3
323 100 3
323 257 3
323 261 3
323 288 4
323 294 4
323 328 4
323 456 4
323 881 4
324 245 2
324 258 3
324 289 2
324 322 3
324 323 2
324 328 3
324 680 2
324 879 2
325 237 3
325 259 4
325 275 3
325 278 3
325 300 4
325 313 4
325 328 3
325 343 4
325 681 4
325 682 4
325 742 3
325 895 4
326 13 4
326 14 4
326 150 4
326 235 4
326 242 4
326 269 4
326 286 4
326 287 4
326 321 4
326 476 4
326 756 4
327 286 3
327 304 3
327 331 3
327 333 4
327 334 3
327 690 3
328 251 4
328 257 4
328 258 3
328 304 4
328 740 4
328 748 4
328 845 4
329 264 3
329 271 3
329 299 3
329 300 3
329 322 3
329 326 3
329 328 3
329 350 3
329 354 3
329 879 3
330 259 4
330 269 4
330 301 4
330 313 4
330 333 4
330 338 3
330 689 4
330 750 4
330 751 4
330 879 3
330 880 4
331 1 4
331 5 4
331 7 4
331 8 4
331 9 5
331 11 4
331 12 5
331 22 4
331 31 4
331 38 4
331 44 4
331 53 5
331 54 4
331 56 4
331 70 4
331 73 4
331 77 4
331 79 5
331 82 5
331 95 4
331 96 4
331 97 4
331 98 5
331 105 4
331 106 4
331 117 4
331 118 5
331 120 4
331 121 5
331 122 4
331 123 5
331 125 4
331 144 4
331 148 5
331 156 5
331 159 4
331 172 5
331 174 4
331 181 4
331 182 5
331 195 5
331 204 5
331 210 4
331 218 4
331 222 5
331 228 5
331 229 4
331 230 4
331 232 4
331 233 4
331 234 4
331 235 5
331 237 5
331 240 4
331 249 4
331 252 4
331 255 4
331 257 5
331 258 5
331 264 5
331 265 4
331 271 4
331 273 5
331 282 4
331 288 5
331 291 4
331 293 5
331 294 4
331 295 5
331 298 4
331 300 4
331 307 4
331 313 4
331 323 4
331 326 5
331 327 5
331 328 4
331 333 4
331 342 5
331 354 4
331 356 4
331 369 4
331 370 4
331 405 4
331 406 5
331 409 4
331 410 5
331 431 5
331 449 4
331 450 4
331 451 4
331 470 5
331 546 4
331 566 4
331 597 4
331 628 4
331 651 4
331 660 4
331 673 4
331 679 4
331 682 5
331 684 4
331 693 5
331 696 5
331 717 4
331 728 5
331 742 5
331 746 4
331 756 4
331 763 4
331 770 4
331 815 4
331 824 4
331 827 4
331 831 5
331 833 4
331 840 4
331 841 4
331 845 4
331 866 4
331 871 4
331 879 4
331 928 4
331 931 4
331 934 4
331 975 4
331 978 5
331 982 5
331 983 4
332 66 4
332 88 4
332 98 4
332 100 3
332 168 3
332 174 3
332 186 4
332 276 3
332 435 3
332 513 3
332 739 4
332 748 4
332 873 3
333 4 4
333 7 4
333 8 4
333 9 4
333 12 4
333 13 4
333 19 4
333 20 4
333 22 4
333 23 4
333 28 4
333 42 4
333 50 4
333 52 4
333 56 4
333 58 4
333 59 4
333 61 4
333 68 4
333 69 4
333 72 4
333 73 4
333 74 3
333 77 4
333 79 4
333 81 4
333 82 4
333 83 4
333 86 3
333 89 4
333 91 4
333 93 4
333 95 4
333 98 4
333 100 4
333 111 4
333 115 4
333 116 4
333 117 4
333 124 4
333 125 4
333 127 4
333 131 4
333 132 4
333 134 4
333 135 4
333 143 4
333 150 4
333 151 4
333 153 4
333 154 4
333 155 3
333 160 4
333 163 4
333 164 4
333 168 4
333 169 3
333 170 4
333 171 4
333 172 4
333 173 4
333 174 4
333 175 4
333 176 4
333 179 3
333 181 4
333 182 4
333 183 4
333 185 4
333 186 4
333 191 4
333 196 4
333 197 4
333 200 4
333 203 4
333 204 4
333 207 4
333 210 4
333 213 4
333 216 3
333 217 4
333 220 3
333 221 4
333 222 4
333 223 4
333 224 4
333 225 4
333 227 4
333 228 4
333 229 4
333 230 4
333 231 4
333 235 4
333 237 4
333 238 4
333 239 4
333 244 3
333 245 3
333 248 4
333 250 4
333 255 4
333 258 4
333 265 4
333 268 4
333 269 4
333 272 4
333 275 3
333 276 4
333 277 4
333 282 3
333 283 4
333 285 4
333 286 4
333 287 3
333 288 4
333 289 4
333 293 4
333 297 3
333 300 4
333 301 4
333 302 4
333 303 4
333 305 4
333 306 4
333 310 4
333 311 3
333 312 3
333 315 4
333 316 4
333 317 4
333 318 3
333 319 4
333 322 4
333 324 4
333 326 3
333 328 4
333 333 3
333 337 4
333 338 4
333 340 4
333 345 4
333 346 4
333 347 4
333 371 4
333 387 4
333 396 4
333 405 4
333 408 4
333 421 3
333 423 4
333 425 4
333 427 4
333 428 4
333 429 4
333 430 4
333 433 4
333 436 4
333 443 4
333 449 4
333 450 4
333 461 4
333 462 4
333 474 4
333 476 4
333 481 4
333 483 4
333 484 4
333 488 4
333 494 3
333 498 4
333 500 3
333 502 4
333 505 4
333 506 4
333 508 4
333 510 4
333 512 4
333 514 4
333 515 4
333 521 4
333 525 3
333 529 4
333 531 4
333 537 4
333 553 4
333 558 4
333 566 4
333 569 3
333 577 3
333 582 4
333 591 4
333 603 4
333 606 4
333 607 4
333 608 3
333 620 3
333 628 4
333 629 4
333 631 4
333 635 4
333 640 4
333 642 4
333 652 4
333 655 4
333 657 4
333 658 3
333 663 4
333 675 4
333 684 4
333 689 4
333 693 4
333 707 4
333 708 3
333 709 4
333 710 4
333 712 4
333 716 4
333 736 4
333 740 4
333 742 4
333 744 3
333 746 3
333 753 3
333 762 4
333 792 4
333 815 4
333 840 4
333 845 4
333 846 4
333 855 4
333 856 4
333 865 4
333 870 4
333 877 4
333 879 4
333 886 4
333 887 4
333 888 4
333 896 4
333 899 3
333 902 4
333 905 4
333 931 4
333 936 4
333 937 4
333 945 4
333 950 3
333 955 4
333 961 3
333 969 4
334 258 4
334 260 3
334 269 4
334 300 4
334 313 3
334 322 4
334 323 4
334 324 4
334 342 3
334 347 4
334 902 3
335 3 4
335 4 4
335 13 4
335 15 4
335 33 4
335 41 4
335 42 4
335 49 4
335 56 4
335 63 4
335 66 4
335 67 4
335 70 4
335 88 4
335 90 4
335 105 4
335 111 4
335 117 4
335 122 4
335 124 4
335 125 4
335 151 4
335 153 4
335 154 4
335 158 4
335 168 4
335 186 4
335 202 4
335 204 3
335 208 4
335 216 4
335 232 4
335 237 4
335 239 4
335 275 4
335 276 4
335 282 4
335 288 3
335 290 4
335 367 4
335 383 4
335 388 4
335 395 4
335 399 4
335 401 4
335 405 4
335 410 4
335 451 4
335 475 4
335 546 4
335 571 4
335 575 4
335 577 4
335 619 3
335 628 3
335 692 4
335 710 4
335 722 4
335 732 3
335 738 4
335 742 4
335 763 4
335 781 4
335 785 4
335 790 4
335 796 3
335 824 4
335 845 4
335 859 3
335 864 4
335 926 4
335 959 3
335 998 3
335 999 4
336 15 4
336 106 4
336 121 3
336 127 4
336 135 4
336 222 4
336 228 3
336 235 4
336 371 4
336 380 4
336 392 4
336 449 3
336 515 4
336 520 4
336 636 4
336 742 4
336 831 3
336 879 4
337 1 4
337 56 5
337 79 4
337 83 5
337 100 4
337 132 5
337 133 4
337 134 4
337 135 4
337 168 4
337 170 4
337 175 4
337 189 4
337 194 4
337 196 4
337 197 4
337 208 4
337 211 5
337 212 4
337 215 4
337 269 5
337 286 4
337 294 4
337 306 4
337 408 5
337 427 4
337 435 4
337 443 4
337 462 5
337 474 4
337 480 5
337 483 4
337 484 5
337 486 4
337 490 4
337 494 4
337 498 4
337 511 4
337 513 4
337 514 4
337 516 4
337 523 4
337 525 4
337 603 4
337 604 5
337 606 5
337 607 4
337 613 4
337 650 4
337 654 4
337 663 4
337 708 4
337 792 4
337 945 4
338 1 3
338 4 4
338 5 3
338 7 3
338 11 4
338 12 4
338 22 3
338 23 4
338 25 4
338 28 4
338 29 3
338 30 3
338 32 4
338 42 4
338 45 4
338 47 4
338 50 4
338 55 3
338 58 3
338 64 3
338 65 4
338 67 4
338 69 4
338 73 3
338 74 4
338 76 3
338 79 4
338 80 3
338 81 3
338 86 3
338 88 4
338 89 4
338 91 4
338 97 3
338 98 4
338 100 4
338 101 4
338 117 4
338 121 4
338 124 3
338 126 3
338 127 4
338 130 4
338 131 4
338 132 3
338 133 4
338 134 3
338 135 4
338 136 3
338 139 4
338 144 3
338 145 4
338 150 4
338 151 3
338 153 4
338 154 4
338 156 3
338 159 3
338 160 4
338 161 3
338 163 3
338 167 4
338 168 4
338 170 4
338 173 4
338 174 4
338 175 4
338 179 4
338 180 4
338 181 3
338 182 4
338 183 3
338 185 4
338 186 4
338 188 4
338 190 4
338 191 4
338 192 4
338 194 3
338 195 3
338 196 4
338 197 4
338 198 4
338 199 4
338 203 4
338 204 4
338 205 3
338 208 4
338 209 4
338 214 4
338 222 4
338 226 4
338 227 3
338 228 4
338 231 3
338 233 3
338 234 3
338 235 4
338 238 4
338 240 3
338 248 3
338 257 4
338 258 3
338 265 4
338 269 4
338 270 3
338 276 3
338 286 4
338 288 3
338 298 3
338 302 4
338 317 4
338 327 4
338 347 3
338 357 4
338 380 3
338 402 3
338 403 4
338 404 4
338 410 3
338 411 4
338 415 3
338 423 3
338 427 4
338 428 4
338 431 4
338 433 4
338 435 3
338 436 4
338 447 4
338 451 4
338 461 4
338 469 4
338 474 4
338 475 4
338 478 3
338 479 3
338 483 3
338 484 4
338 485 3
338 488 3
338 496 3
338 503 4
338 508 4
338 509 4
338 511 3
338 514 3
338 515 3
338 516 3
338 521 4
338 522 4
338 523 4
338 525 4
338 528 3
338 530 3
338 546 4
338 549 4
338 550 4
338 566 3
338 568 3
338 573 4
338 582 4
338 589 4
338 603 3
338 607 4
338 614 4
338 631 3
338 636 3
338 637 4
338 640 4
338 642 3
338 649 4
338 650 4
338 655 4
338 657 4
338 661 4
338 663 4
338 673 3
338 675 4
338 678 3
338 693 3
338 702 4
338 709 4
338 719 3
338 737 3
338 739 4
338 770 3
338 772 4
338 806 4
338 823 4
338 845 4
338 856 4
338 939 3
338 942 4
338 961 3
339 1 4
339 15 3
339 50 4
339 66 4
339 71 3
339 143 3
339 173 4
339 174 3
339 186 3
339 199 3
339 204 3
339 205 4
339 215 3
339 265 3
339 274 4
339 417 4
339 418 4
339 423 4
339 435 3
339 502 4
339 504 3
339 520 3
339 526 2
339 584 3
339 588 4
339 946 4
340 3 5
340 4 4
340 7 4
340 8 3
340 11 4
340 13 4
340 15 4
340 23 3
340 25 4
340 26 4
340 28 4
340 32 4
340 47 4
340 56 4
340 58 4
340 68 4
340 92 4
340 93 4
340 95 4
340 98 4
340 100 5
340 108 3
340 111 4
340 122 5
340 123 4
340 124 4
340 125 4
340 131 4
340 132 4
340 133 4
340 134 4
340 135 5
340 143 3
340 144 4
340 156 5
340 160 3
340 174 4
340 175 4
340 179 4
340 188 4
340 189 4
340 191 4
340 192 4
340 193 4
340 194 3
340 196 4
340 197 4
340 204 3
340 208 4
340 212 4
340 216 4
340 220 3
340 223 4
340 237 4
340 238 4
340 240 4
340 248 4
340 251 3
340 255 4
340 257 4
340 262 4
340 274 4
340 276 4
340 282 4
340 287 5
340 288 3
340 289 4
340 294 3
340 297 3
340 298 4
340 301 4
340 319 4
340 320 4
340 326 4
340 327 4
340 357 4
340 367 4
340 378 4
340 381 4
340 382 4
340 408 4
340 410 4
340 412 4
340 421 4
340 423 4
340 427 4
340 433 5
340 461 4
340 478 4
340 482 4
340 483 3
340 487 5
340 496 3
340 499 4
340 508 4
340 517 4
340 518 4
340 531 4
340 535 3
340 544 4
340 547 5
340 574 3
340 581 4
340 584 4
340 591 3
340 606 4
340 607 4
340 654 4
340 655 4
340 656 4
340 657 4
340 663 3
340 699 4
340 723 5
340 724 4
340 732 3
340 746 4
340 762 4
340 764 4
340 772 4
340 789 4
340 792 4
340 818 4
340 844 4
340 846 4
340 866 4
340 873 4
340 875 4
340 928 3
340 950 4
340 952 4
340 965 4
340 974 4
340 975 4
341 1 4
341 3 4
341 4 4
341 7 4
341 8 4
341 9 4
341 10 4
341 11 5
341 20 4
341 23 4
341 25 4
341 26 4
341 28 4
341 38 4
341 42 4
341 44 4
341 47 4
341 50 4
341 52 4
341 53 5
341 55 4
341 56 4
341 57 4
341 58 4
341 62 4
341 63 4
341 65 4
341 66 4
341 67 4
341 68 4
341 69 4
341 76 4
341 77 4
341 79 4
341 81 4
341 82 4
341 83 4
341 86 4
341 87 4
341 88 4
341 89 4
341 90 4
341 97 4
341 98 4
341 100 4
341 117 4
341 118 4
341 121 4
341 124 4
341 127 4
341 130 4
341 132 4
341 134 4
341 135 4
341 137 4
341 143 4
341 144 4
341 147 5
341 153 4
341 154 4
341 155 4
341 156 4
341 159 4
341 163 4
341 164 5
341 168 4
341 169 4
341 174 4
341 176 4
341 177 4
341 179 4
341 186 4
341 187 4
341 188 4
341 189 4
341 191 4
341 193 4
341 194 4
341 196 4
341 197 4
341 199 4
341 200 4
341 208 4
341 211 4
341 214 4
341 223 4
341 228 4
341 229 4
341 231 4
341 234 4
341 235 4
341 236 4
341 237 4
341 238 4
341 241 4
341 250 4
341 257 4
341 265 4
341 269 5
341 275 4
341 276 4
341 277 4
341 288 4
341 297 4
341 302 4
341 303 4
341 306 4
341 318 4
341 324 4
341 333 4
341 334 4
341 357 4
341 358 4
341 367 4
341 371 4
341 375 3
341 382 5
341 385 4
341 405 4
341 408 4
341 410 4
341 423 4
341 427 4
341 429 4
341 435 4
341 449 4
341 458 3
341 461 4
341 462 4
341 463 4
341 471 4
341 473 4
341 474 4
341 476 4
341 483 5
341 498 4
341 499 4
341 510 4
341 515 4
341 521 4
341 523 4
341 527 4
341 530 5
341 536 5
341 546 4
341 555 5
341 559 4
341 561 5
341 568 4
341 569 4
341 581 4
341 582 4
341 606 4
341 614 4
341 631 4
341 642 4
341 654 4
341 655 4
341 657 4
341 660 4
341 684 4
341 702 4
341 703 4
341 708 4
341 712 4
341 724 4
341 727 4
341 729 4
341 739 3
341 744 4
341 747 4
341 778 4
341 786 4
341 792 3
341 919 4
341 921 4
341 930 4
341 931 4
341 943 5
341 950 4
341 951 4
341 961 4
341 980 4
342 1 4
342 4 4
342 5 4
342 7 4
342 8 3
342 9 4
342 11 4
342 13 4
342 14 4
342 22 4
342 25 4
342 26 4
342 39 4
342 45 4
342 58 4
342 70 4
342 73 4
342 79 4
342 86 4
342 87 4
342 88 4
342 89 4
342 95 4
342 96 4
342 97 4
342 98 4
342 106 4
342 111 3
342 118 4
342 119 4
342 122 3
342 124 4
342 125 4
342 127 4
342 129 4
342 132 4
342 137 4
342 148 4
342 169 4
342 172 4
342 174 4
342 175 4
342 176 3
342 181 3
342 183 4
342 190 4
342 191 4
342 195 4
342 196 4
342 198 4
342 202 4
342 203 4
342 204 4
342 208 4
342 210 4
342 213 3
342 215 4
342 216 4
342 222 3
342 228 4
342 235 4
342 237 4
342 244 4
342 245 3
342 246 4
342 248 4
342 251 4
342 255 4
342 269 4
342 272 4
342 274 4
342 275 3
342 276 4
342 278 3
342 280 3
342 281 4
342 283 3
342 284 4
342 285 4
342 286 4
342 288 4
342 291 4
342 295 4
342 297 4
342 298 3
342 301 4
342 304 3
342 306 4
342 311 3
342 313 4
342 315 4
342 316 4
342 322 4
342 357 3
342 372 4
342 385 4
342 405 4
342 433 4
342 451 4
342 459 4
342 462 4
342 471 4
342 472 4
342 476 4
342 477 4
342 478 4
342 479 4
342 486 3
342 487 4
342 494 4
342 508 3
342 509 4
342 511 4
342 516 4
342 535 4
342 537 4
342 559 4
342 562 4
342 568 4
342 597 4
342 619 4
342 647 3
342 660 4
342 663 4
342 678 4
342 684 4
342 694 4
342 696 4
342 707 4
342 708 4
342 709 4
342 713 3
342 716 4
342 742 4
342 751 4
342 764 4
342 815 4
342 844 4
342 845 3
342 864 4
342 896 4
342 926 4
342 928 4
342 955 4
343 1 4
343 4 4
343 9 4
343 11 4
343 13 4
343 14 4
343 15 4
343 25 4
343 26 4
343 28 4
343 33 4
343 43 4
343 44 4
343 48 4
343 49 4
343 50 4
343 51 4
343 64 4
343 65 4
343 66 4
343 69 4
343 70 4
343 71 4
343 77 4
343 79 4
343 81 4
343 87 4
343 88 4
343 93 4
343 98 4
343 100 4
343 111 4
343 118 4
343 121 4
343 124 5
343 125 4
343 126 4
343 131 4
343 132 4
343 137 4
343 143 4
343 148 4
343 151 4
343 170 4
343 172 4
343 173 4
343 174 4
343 191 4
343 196 4
343 197 5
343 202 4
343 204 4
343 216 4
343 220 4
343 221 4
343 223 4
343 226 4
343 234 4
343 235 4
343 237 4
343 239 4
343 241 4
343 245 4
343 246 4
343 255 4
343 258 4
343 262 5
343 269 4
343 272 4
343 274 4
343 278 4
343 280 4
343 282 4
343 283 4
343 284 4
343 285 4
343 287 4
343 288 4
343 289 4
343 291 4
343 294 4
343 295 4
343 298 4
343 300 4
343 302 4
343 303 4
343 305 4
343 311 4
343 312 4
343 313 4
343 315 5
343 317 4
343 323 4
343 325 4
343 332 4
343 333 4
343 356 4
343 365 4
343 367 4
343 378 4
343 381 4
343 382 4
343 387 4
343 402 4
343 403 4
343 405 4
343 416 4
343 433 4
343 443 4
343 451 4
343 461 4
343 464 4
343 471 4
343 473 4
343 476 4
343 479 4
343 481 4
343 485 4
343 498 4
343 508 4
343 518 4
343 534 4
343 550 4
343 559 4
343 566 4
343 568 4
343 582 4
343 588 4
343 620 5
343 639 4
343 651 4
343 655 4
343 660 4
343 676 4
343 696 4
343 702 4
343 708 4
343 709 4
343 715 4
343 716 4
343 722 4
343 724 4
343 732 4
343 736 4
343 737 4
343 738 4
343 739 4
343 742 4
343 744 4
343 747 4
343 748 4
343 772 4
343 781 4
343 845 4
343 846 4
343 866 4
343 879 4
343 886 4
343 903 4
343 919 5
343 949 4
343 955 4
343 956 4
343 972 4
343 988 4
344 2 3
344 3 3
344 4 3
344 7 3
344 11 3
344 12 3
344 17 3
344 22 3
344 29 3
344 31 3
344 33 3
344 38 3
344 50 3
344 53 3
344 54 3
344 55 3
344 56 3
344 62 3
344 64 3
344 67 3
344 72 3
344 76 3
344 83 3
344 89 3
344 91 3
344 92 3
344 94 3
344 97 3
344 98 3
344 100 3
344 110 3
344 117 3
344 120 3
344 121 3
344 127 3
344 132 3
344 133 3
344 134 3
344 141 4
344 143 3
344 144 3
344 147 3
344 153 3
344 157 3
344 158 3
344 161 3
344 167 3
344 168 3
344 172 3
344 173 3
344 174 3
344 176 3
344 180 3
344 181 3
344 183 3
344 184 3
344 186 3
344 187 3
344 188 3
344 203 3
344 204 3
344 210 3
344 211 3
344 213 3
344 215 4
344 216 4
344 218 3
344 219 3
344 232 3
344 234 4
344 240 3
344 245 4
344 250 3
344 259 3
344 265 3
344 273 2
344 276 3
344 288 3
344 291 4
344 293 3
344 294 3
344 300 3
344 302 4
344 318 3
344 322 3
344 325 3
344 333 3
344 358 3
344 366 3
344 369 3
344 375 4
344 385 3
344 391 3
344 392 3
344 394 3
344 403 3
344 405 3
344 415 3
344 431 3
344 455 3
344 470 3
344 496 3
344 518 3
344 520 3
344 541 3
344 546 3
344 549 3
344 550 4
344 561 3
344 569 3
344 572 3
344 576 3
344 578 3
344 582 3
344 597 3
344 616 3
344 636 3
344 642 3
344 657 3
344 669 3
344 673 3
344 684 3
344 685 3
344 708 3
344 712 3
344 727 3
344 732 3
344 739 3
344 742 3
344 743 3
344 746 3
344 748 3
344 780 3
344 785 3
344 802 3
344 809 3
344 831 3
344 842 3
344 879 3
344 944 3
344 959 3
344 967 3
344 977 3
345 1 5
345 7 4
345 12 4
345 15 4
345 17 4
345 22 4
345 24 4
345 25 5
345 28 5
345 31 5
345 50 5
345 55 5
345 56 4
345 65 5
345 68 4
345 69 5
345 70 4
345 73 5
345 76 4
345 79 5
345 82 4
345 85 4
345 87 4
345 91 4
345 96 5
345 97 5
345 98 4
345 99 5
345 117 5
345 118 4
345 125 4
345 127 5
345 137 5
345 151 5
345 156 4
345 157 4
345 158 4
345 159 5
345 163 4
345 164 4
345 168 4
345 172 5
345 173 4
345 174 5
345 176 5
345 177 4
345 181 4
345 182 4
345 183 5
345 187 4
345 188 5
345 192 4
345 195 5
345 200 4
345 202 4
345 203 4
345 204 4
345 208 5
345 215 5
345 216 5
345 222 5
345 223 4
345 226 4
345 227 5
345 230 5
345 233 4
345 235 4
345 239 5
345 240 4
345 241 4
345 245 5
345 252 4
345 258 4
345 268 4
345 271 4
345 276 4
345 280 4
345 286 4
345 290 4
345 291 4
345 293 5
345 294 4
345 298 4
345 300 4
345 317 5
345 318 5
345 323 4
345 324 4
345 328 5
345 333 4
345 356 5
345 369 4
345 371 5
345 385 4
345 386 4
345 392 4
345 403 5
345 404 4
345 405 4
345 410 5
345 416 4
345 423 4
345 432 4
345 460 5
345 462 5
345 465 4
345 468 5
345 470 4
345 471 4
345 472 5
345 475 4
345 501 4
345 508 4
345 544 4
345 550 4
345 568 5
345 588 4
345 595 5
345 597 4
345 609 4
345 655 5
345 660 5
345 685 4
345 686 4
345 689 4
345 692 5
345 699 4
345 721 4
345 735 5
345 742 4
345 763 4
345 806 4
345 819 4
345 820 4
345 827 4
345 829 4
345 831 5
345 841 5
345 871 4
345 879 5
345 928 5
345 930 4
345 943 5
345 959 4
345 977 5
345 982 4
346 7 4
346 25 4
346 107 4
346 118 4
346 121 5
346 123 5
346 126 5
346 147 4
346 225 4
346 240 4
346 243 5
346 245 4
346 276 4
346 288 5
346 291 5
346 294 4
346 368 5
346 370 4
346 405 4
346 406 4
346 411 5
346 412 4
346 472 5
346 473 5
346 477 4
346 546 4
346 628 4
346 756 4
346 819 4
346 831 5
346 834 5
346 924 4
346 926 4
346 934 4
346 974 4
346 975 5
346 988 4
347 9 3
347 15 2
347 20 3
347 100 3
347 118 2
347 125 3
347 237 3
347 276 3
347 411 3
347 412 3
347 455 3
347 458 3
347 471 2
347 475 3
347 544 2
347 596 3
347 847 3
348 23 3
348 50 4
348 89 3
348 132 4
348 133 4
348 136 4
348 168 4
348 172 4
348 173 4
348 174 4
348 179 4
348 183 4
348 193 3
348 204 3
348 210 4
348 211 4
348 214 4
348 228 4
348 271 4
348 324 4
348 435 3
348 479 4
348 480 4
348 483 4
348 489 4
348 515 4
348 530 4
348 589 4
348 604 3
348 616 4
348 654 4
348 657 4
349 286 4
349 288 4
349 289 5
349 292 4
349 301 5
349 310 4
349 311 4
349 312 4
349 313 5
349 323 4
349 326 5
349 332 4
349 340 4
349 341 4
349 343 5
349 359 5
349 538 5
349 748 4
349 751 4
349 754 4
349 873 4
349 879 4
349 880 4
349 984 4
349 989 5
349 990 4
350 4 5
350 7 3
350 39 3
350 79 4
350 89 4
350 92 4
350 96 4
350 100 4
350 129 4
350 144 4
350 156 4
350 173 4
350 176 4
350 181 4
350 182 4
350 183 5
350 194 4
350 195 4
350 216 5
350 228 4
350 234 4
350 273 4
350 302 4
350 385 4
350 568 4
350 653 3
350 692 4
350 746 3
351 272 4
351 300 4
351 301 4
351 327 3
351 328 4
351 331 4
351 332 4
351 340 5
351 343 3
351 346 3
351 358 3
351 750 3
351 905 3
352 7 4
352 9 4
352 19 4
352 25 4
352 32 4
352 42 4
352 47 5
352 50 4
352 52 4
352 57 4
352 58 4
352 59 4
352 60 4
352 61 4
352 66 4
352 70 4
352 79 4
352 83 4
352 86 4
352 87 4
352 88 4
352 93 4
352 98 4
352 109 4
352 116 4
352 124 4
352 131 4
352 133 4
352 134 4
352 135 4
352 136 4
352 137 4
352 143 4
352 149 4
352 151 4
352 152 4
352 153 4
352 154 4
352 155 4
352 162 4
352 166 4
352 168 4
352 171 4
352 174 4
352 175 4
352 180 4
352 186 4
352 189 4
352 190 4
352 191 4
352 193 4
352 197 4
352 199 4
352 202 4
352 208 4
352 209 4
352 211 4
352 213 4
352 216 4
352 238 4
352 241 4
352 242 4
352 246 4
352 248 3
352 251 4
352 255 4
352 257 4
352 258 4
352 268 4
352 269 4
352 270 4
352 272 4
352 275 3
352 276 4
352 281 4
352 285 4
352 287 4
352 297 4
352 303 4
352 305 4
352 306 4
352 308 4
352 311 4
352 313 4
352 318 4
352 321 4
352 344 4
352 381 4
352 382 4
352 387 4
352 414 4
352 419 4
352 421 4
352 423 4
352 428 4
352 429 4
352 435 4
352 462 4
352 463 4
352 464 4
352 473 4
352 478 4
352 479 4
352 480 4
352 483 4
352 485 4
352 487 4
352 489 4
352 494 4
352 496 4
352 497 4
352 498 4
352 507 4
352 508 4
352 509 4
352 511 4
352 513 5
352 515 4
352 516 4
352 518 4
352 520 4
352 528 4
352 529 4
352 531 4
352 533 4
352 582 4
352 584 4
352 602 4
352 603 4
352 604 4
352 605 4
352 606 4
352 607 4
352 629 4
352 631 4
352 638 4
352 650 4
352 651 4
352 652 4
352 657 4
352 659 4
352 660 4
352 661 4
352 692 4
352 694 4
352 699 4
352 702 4
352 705 4
352 707 4
352 709 4
352 716 5
352 732 4
352 733 4
352 735 4
352 736 4
352 737 4
352 740 4
352 753 4
352 792 4
352 811 4
352 847 4
352 855 4
352 863 4
352 865 4
352 882 5
352 889 4
352 900 4
352 904 4
352 929 4
352 953 4
352 955 4
352 956 4
352 958 4
352 962 4
353 260 4
353 264 4
353 271 4
353 306 4
353 307 4
353 328 4
353 358 4
353 681 4
353 882 4
354 300 4
354 307 4
354 312 4
354 316 4
354 326 4
354 331 3
354 689 4
354 748 4
354 937 4
355 1 4
355 7 4
355 10 5
355 24 5
355 105 4
355 111 4
355 118 5
355 123 5
355 125 5
355 126 5
355 150 5
355 151 5
355 220 5
355 222 4
355 235 4
355 237 5
355 245 5
355 270 5
355 273 5
355 274 4
355 275 4
355 280 4
355 284 5
355 287 4
355 291 4
355 304 5
355 322 5
355 334 5
355 405 5
355 407 5
355 455 5
355 456 5
355 471 5
355 472 5
355 473 4
355 476 5
355 546 5
355 595 5
355 597 5
355 685 5
355 687 4
355 713 4
355 742 5
355 760 5
355 819 5
355 820 5
355 831 5
355 833 5
355 866 5
355 932 5
355 984 5
356 8 4
356 132 4
356 179 4
356 213 4
356 324 4
356 357 4
356 382 4
356 469 2
356 482 4
356 511 3
356 529 4
356 558 3
356 582 4
356 584 4
356 639 4
356 643 2
356 855 4
356 896 4
356 918 3
357 1 3
357 7 3
357 118 3
357 181 4
357 250 4
357 268 3
357 286 3
357 295 3
357 298 3
357 313 4
357 405 4
357 408 3
357 455 3
357 472 3
357 748 4
358 1 4
358 10 4
358 13 4
358 14 5
358 23 4
358 25 4
358 28 4
358 45 4
358 50 5
358 56 5
358 64 4
358 79 4
358 116 4
358 134 4
358 157 5
358 165 4
358 166 4
358 170 5
358 172 4
358 174 5
358 181 4
358 187 5
358 191 4
358 194 5
358 195 5
358 197 4
358 199 5
358 205 4
358 207 4
358 210 4
358 222 4
358 237 4
358 238 5
358 242 4
358 248 4
358 251 4
358 269 5
358 271 4
358 275 5
358 284 5
358 286 4
358 297 4
358 302 4
358 303 4
358 304 5
358 306 4
358 308 4
358 309 4
358 321 4
358 326 4
358 328 4
358 334 4
358 357 5
358 405 4
358 423 4
358 479 5
358 515 5
358 521 4
358 523 4
358 588 4
358 654 5
358 661 5
358 663 5
358 735 4
358 744 5
358 845 4
358 933 4
358 936 5
358 963 4
359 12 3
359 14 4
359 23 3
359 26 4
359 53 3
359 55 4
359 56 4
359 59 4
359 60 3
359 66 4
359 79 4
359 83 4
359 86 3
359 88 4
359 90 3
359 97 3
359 98 4
359 100 4
359 111 4
359 129 3
359 148 3
359 150 4
359 156 4
359 166 4
359 168 4
359 170 4
359 173 4
359 176 4
359 178 3
359 179 4
359 183 3
359 185 3
359 186 3
359 190 3
359 197 4
359 203 4
359 204 4
359 207 4
359 212 4
359 216 4
359 218 3
359 222 4
359 228 4
359 234 3
359 237 4
359 238 3
359 258 3
359 269 4
359 273 3
359 274 4
359 275 4
359 276 4
359 286 4
359 340 4
359 387 3
359 421 3
359 430 4
359 435 4
359 451 4
359 466 3
359 475 3
359 498 3
359 502 3
359 504 3
359 513 4
359 514 3
359 517 3
359 524 3
359 525 4
359 531 3
359 611 4
359 639 4
359 654 3
359 657 3
359 659 3
359 673 3
359 684 4
359 694 4
359 705 4
359 709 4
359 737 3
359 739 3
359 742 3
359 762 4
359 770 4
359 781 4
359 794 4
359 813 4
359 934 4
359 949 4
360 245 3
360 258 3
360 288 3
360 294 3
360 300 3
360 302 3
360 312 3
360 328 3
360 350 4
361 1 3
361 2 3
361 4 4
361 5 4
361 7 3
361 9 3
361 11 3
361 22 4
361 29 3
361 32 3
361 37 3
361 38 3
361 44 3
361 47 4
361 50 3
361 55 3
361 56 4
361 58 4
361 62 3
361 65 4
361 66 4
361 67 3
361 68 3
361 70 3
361 71 3
361 72 3
361 73 3
361 77 3
361 79 3
361 81 3
361 82 3
361 87 4
361 88 3
361 89 3
361 90 3
361 91 4
361 93 4
361 95 3
361 96 3
361 97 3
361 98 3
361 101 3
361 102 3
361 114 4
361 117 2
361 120 4
361 121 3
361 128 4
361 134 3
361 137 4
361 144 4
361 145 3
361 151 3
361 152 4
361 154 3
361 155 3
361 156 4
361 159 3
361 161 2
361 163 3
361 164 4
361 169 4
361 171 4
361 172 3
361 173 3
361 174 3
361 179 4
361 182 3
361 183 3
361 184 4
361 186 3
361 187 3
361 188 3
361 189 4
361 193 3
361 195 4
361 196 4
361 200 3
361 201 3
361 204 3
361 206 4
361 208 3
361 210 3
361 212 4
361 215 3
361 216 3
361 217 3
361 218 3
361 222 4
361 226 4
361 227 3
361 228 3
361 229 4
361 231 3
361 234 3
361 235 4
361 237 3
361 248 4
361 250 4
361 258 3
361 264 3
361 265 4
361 270 2
361 271 3
361 282 3
361 283 4
361 284 3
361 288 3
361 290 2
361 293 3
361 298 4
361 307 4
361 315 4
361 316 4
361 317 4
361 322 3
361 325 3
361 328 3
361 333 4
361 336 4
361 346 4
361 347 3
361 350 4
361 351 3
361 366 3
361 370 3
361 380 3
361 387 3
361 391 3
361 393 3
361 402 3
361 403 3
361 405 3
361 408 4
361 417 3
361 423 3
361 426 3
361 428 3
361 429 4
361 431 3
361 433 4
361 443 3
361 444 3
361 448 3
361 449 2
361 451 3
361 461 4
361 469 3
361 472 3
361 473 3
361 474 3
361 505 4
361 506 4
361 511 4
361 523 4
361 531 3
361 537 3
361 546 4
361 550 3
361 552 3
361 554 3
361 555 3
361 559 2
361 561 3
361 566 2
361 568 3
361 569 3
361 571 3
361 572 3
361 575 3
361 578 3
361 588 3
361 590 4
361 591 3
361 597 3
361 603 3
361 616 3
361 625 3
361 631 3
361 640 3
361 650 3
361 651 3
361 653 3
361 658 3
361 660 3
361 665 3
361 673 3
361 675 3
361 678 4
361 679 4
361 682 3
361 685 3
361 691 3
361 698 3
361 699 4
361 707 4
361 709 3
361 710 4
361 719 4
361 735 4
361 741 3
361 742 4
361 746 4
361 747 4
361 752 4
361 760 4
361 761 4
361 767 4
361 774 3
361 778 3
361 792 4
361 802 3
361 805 3
361 809 3
361 816 4
361 825 4
361 831 3
361 854 3
361 859 3
361 895 3
361 906 3
361 933 4
361 940 3
361 946 2
361 959 3
361 979 3
362 288 4
362 289 4
362 319 4
362 321 4
362 875 4
362 988 3
363 1 4
363 7 4
363 13 4
363 25 4
363 109 4
363 124 3
363 125 4
363 137 4
363 150 3
363 151 4
363 222 3
363 258 4
363 268 4
363 271 4
363 272 3
363 275 4
363 277 4
363 285 3
363 287 4
363 288 4
363 294 3
363 301 4
363 309 4
363 315 4
363 316 4
363 321 3
363 326 3
363 352 4
363 473 3
363 476 4
363 591 4
363 742 4
363 813 4
363 846 3
363 894 3
363 908 4
363 948 4
363 995 4
364 98 5
364 164 4
364 184 4
364 201 5
364 217 4
364 218 5
364 219 4
364 234 5
364 413 4
364 445 4
364 448 5
364 559 5
364 561 4
364 672 4
364 853 5
364 854 4
364 860 4
365 5 4
365 17 4
365 50 4
365 53 4
365 56 4
365 98 4
365 145 4
365 176 4
365 179 4
365 183 4
365 184 4
365 200 4
365 201 4
365 218 4
365 234 4
365 246 4
365 250 3
365 258 4
365 288 4
365 302 4
365 324 4
365 326 3
365 333 4
365 379 4
365 406 4
365 413 4
365 436 4
365 441 3
365 443 4
365 448 4
365 452 4
365 559 4
365 567 3
365 637 4
365 665 4
365 670 4
365 672 4
365 760 4
365 769 4
365 800 4
365 919 4
366 11 3
366 17 4
366 56 4
366 89 4
366 98 4
366 100 4
366 127 4
366 181 4
366 184 4
366 201 3
366 217 4
366 218 4
366 234 4
366 313 4
366 320 3
366 379 3
366 396 3
366 561 3
366 567 3
366 569 4
366 637 3
366 670 4
366 672 3
366 774 4
367 50 4
367 166 4
367 172 4
367 179 4
367 181 5
367 243 4
367 346 4
367 358 4
367 890 4
367 988 5
368 12 4
368 22 4
368 31 4
368 42 4
368 50 4
368 56 4
368 98 4
368 114 4
368 116 4
368 134 4
368 135 4
368 136 4
368 153 4
368 172 4
368 174 4
368 175 4
368 176 4
368 181 4
368 183 4
368 193 4
368 195 4
368 209 4
368 210 4
368 222 4
368 257 4
368 265 4
368 269 4
368 285 4
368 294 4
368 321 4
368 323 4
368 423 4
368 425 4
368 433 4
368 443 4
368 480 4
368 484 4
368 493 4
368 494 4
368 497 4
368 511 4
368 514 4
368 525 4
368 603 4
368 604 4
368 607 4
368 608 4
368 613 4
368 657 4
368 659 4
368 661 4
368 705 4
368 856 4
368 923 4
369 1 5
369 22 4
369 24 4
369 50 5
369 55 4
369 64 5
369 69 5
369 77 5
369 97 5
369 98 5
369 117 5
369 174 5
369 175 4
369 177 5
369 179 4
369 180 4
369 181 5
369 183 5
369 194 4
369 197 4
369 210 5
369 237 5
369 265 5
369 393 5
369 431 4
369 435 5
369 443 4
369 449 5
369 452 5
369 523 4
369 627 5
369 655 5
369 746 4
370 5 5
370 12 5
370 23 5
370 44 5
370 56 5
370 77 5
370 79 5
370 98 5
370 100 5
370 129 5
370 148 5
370 159 5
370 176 5
370 185 5
370 200 5
370 201 5
370 218 5
370 219 4
370 262 5
370 288 5
370 299 5
370 322 5
370 325 5
370 327 4
370 332 5
370 436 5
370 441 5
370 443 5
370 446 5
370 447 5
370 547 4
370 561 5
370 574 4
370 595 4
370 628 5
370 637 5
370 649 5
370 672 5
370 674 5
370 678 5
370 874 5
370 875 4
371 2 4
371 4 5
371 12 5
371 15 4
371 20 4
371 22 5
371 24 4
371 25 4
371 28 4
371 31 4
371 48 4
371 50 4
371 58 5
371 64 5
371 66 4
371 68 4
371 70 4
371 80 4
371 81 4
371 82 4
371 83 4
371 89 4
371 90 4
371 94 4
371 95 4
371 96 4
371 97 4
371 99 4
371 100 5
371 102 4
371 105 4
371 110 4
371 114 4
371 117 4
371 127 4
371 132 4
371 136 4
371 139 4
371 142 5
371 143 4
371 144 4
371 150 4
371 151 5
371 154 4
371 155 4
371 156 5
371 161 5
371 162 4
371 163 4
371 165 4
371 166 4
371 172 4
371 173 5
371 175 5
371 177 5
371 179 5
371 180 4
371 181 4
371 184 4
371 186 5
371 189 4
371 191 4
371 194 4
371 195 4
371 196 4
371 197 5
371 202 4
371 206 4
371 208 4
371 209 4
371 210 5
371 211 4
371 213 5
371 214 4
371 215 4
371 217 4
371 225 4
371 226 4
371 228 5
371 230 4
371 232 5
371 239 4
371 241 4
371 259 4
371 265 4
371 269 4
371 275 4
371 278 5
371 281 4
371 286 4
371 290 4
371 318 4
371 357 4
371 366 4
371 378 4
371 382 4
371 386 4
371 389 5
371 390 5
371 392 4
371 393 4
371 399 4
371 401 4
371 402 4
371 403 4
371 404 4
371 409 4
371 414 4
371 417 4
371 418 4
371 420 4
371 421 4
371 423 4
371 427 4
371 431 4
371 433 4
371 435 5
371 451 4
371 472 5
371 474 4
371 480 4
371 485 4
371 487 4
371 488 4
371 494 4
371 497 4
371 499 5
371 506 4
371 510 4
371 514 5
371 520 5
371 527 5
371 550 4
371 553 5
371 559 4
371 566 5
371 568 4
371 571 4
371 577 4
371 588 4
371 598 3
371 603 4
371 625 4
371 627 5
371 645 4
371 648 4
371 649 4
371 651 5
371 655 4
371 658 4
371 660 4
371 679 4
371 694 4
371 699 4
371 704 4
371 705 4
371 707 4
371 709 4
371 715 4
371 724 4
371 727 4
371 729 4
371 732 4
371 746 4
371 747 4
371 748 5
371 756 4
371 778 3
371 828 4
371 842 4
371 843 5
371 849 4
371 941 4
371 946 4
371 949 4
372 1 3
372 5 3
372 7 3
372 9 3
372 11 3
372 12 3
372 15 3
372 17 3
372 23 2
372 24 3
372 28 3
372 29 3
372 39 3
372 48 3
372 50 3
372 56 2
372 64 2
372 66 3
372 68 3
372 69 3
372 70 3
372 71 2
372 77 3
372 87 3
372 89 3
372 95 3
372 97 3
372 98 3
372 100 2
372 106 2
372 111 3
372 116 3
372 118 3
372 120 3
372 121 3
372 122 3
372 123 3
372 125 3
372 126 2
372 127 3
372 129 3
372 135 3
372 143 3
372 144 3
372 147 2
372 148 3
372 150 3
372 151 3
372 156 3
372 159 3
372 161 3
372 162 4
372 168 2
372 173 2
372 174 3
372 176 4
372 182 3
372 183 3
372 185 2
372 186 2
372 192 3
372 195 3
372 197 2
372 200 3
372 202 3
372 204 3
372 210 3
372 216 3
372 218 3
372 222 3
372 223 2
372 225 4
372 226 3
372 228 3
372 229 3
372 230 3
372 231 3
372 233 2
372 234 3
372 235 3
372 237 3
372 240 2
372 247 3
372 248 3
372 252 3
372 254 3
372 257 3
372 265 3
372 279 3
372 280 3
372 282 3
372 284 2
372 289 3
372 291 3
372 292 3
372 310 2
372 318 2
372 322 3
372 323 3
372 356 3
372 363 3
372 369 3
372 385 3
372 403 3
372 405 4
372 412 3
372 423 3
372 424 3
372 427 2
372 449 3
372 450 3
372 454 3
372 458 2
372 463 2
372 465 2
372 466 3
372 467 2
372 468 3
372 475 3
372 476 3
372 483 3
372 521 3
372 527 3
372 540 3
372 544 3
372 550 3
372 552 3
372 554 2
372 558 3
372 566 3
372 568 3
372 572 3
372 576 3
372 581 3
372 591 3
372 619 2
372 620 2
372 628 3
372 637 3
372 642 3
372 651 2
372 665 2
372 685 3
372 692 3
372 717 3
372 735 2
372 741 3
372 742 3
372 743 3
372 756 3
372 761 2
372 762 3
372 770 2
372 789 3
372 815 2
372 819 2
372 820 3
372 824 3
372 844 3
372 845 3
372 846 3
372 872 2
372 880 2
372 924 3
372 928 3
372 930 3
372 931 2
372 932 2
372 934 2
372 952 2
372 963 3
372 974 2
372 975 3
372 977 3
372 978 3
372 979 3
372 983 3
372 986 2
373 5 4
373 44 4
373 176 4
373 233 4
373 288 4
373 302 4
373 356 4
373 443 4
373 573 4
373 583 4
373 603 4
373 761 4
373 773 4
373 939 4
374 11 3
374 98 4
374 154 4
374 181 3
374 197 4
374 198 3
374 223 4
374 269 3
374 274 3
374 275 4
374 288 3
374 301 3
374 328 3
374 427 4
374 603 3
374 663 4
374 707 3
375 56 4
375 98 4
375 154 4
375 164 4
375 168 4
375 173 4
375 219 4
375 234 4
375 268 4
375 272 4
375 313 4
375 316 4
375 323 4
375 338 4
375 354 4
375 358 4
375 443 4
375 682 4
375 748 4
376 1 4
376 2 4
376 4 4
376 5 4
376 7 4
376 8 4
376 9 4
376 10 4
376 11 4
376 12 4
376 13 4
376 14 4
376 15 4
376 21 4
376 22 4
376 28 4
376 29 3
376 31 3
376 40 3
376 42 4
376 43 3
376 48 4
376 49 4
376 50 4
376 52 3
376 54 3
376 58 4
376 59 3
376 62 4
376 63 3
376 65 3
376 66 4
376 68 4
376 70 3
376 73 4
376 77 4
376 79 4
376 86 4
376 87 4
376 88 4
376 89 4
376 91 4
376 94 3
376 95 4
376 99 4
376 100 4
376 106 3
376 110 4
376 111 4
376 117 4
376 121 4
376 123 4
376 125 4
376 126 3
376 132 4
376 135 4
376 141 3
376 143 4
376 144 4
376 148 3
376 151 4
376 153 4
376 155 4
376 157 4
376 159 4
376 161 4
376 162 3
376 167 4
376 172 4
376 173 4
376 174 4
376 175 4
376 176 4
376 179 3
376 180 4
376 181 4
376 182 4
376 186 4
376 191 4
376 194 4
376 195 4
376 196 4
376 197 4
376 200 3
376 202 3
376 207 3
376 210 4
376 213 4
376 215 4
376 217 3
376 218 4
376 222 4
376 223 4
376 226 4
376 227 4
376 230 4
376 231 4
376 233 3
376 234 4
376 235 4
376 237 4
376 239 4
376 241 4
376 245 4
376 248 4
376 252 4
376 254 3
376 255 4
376 257 4
376 258 4
376 269 4
376 272 3
376 273 4
376 274 4
376 275 4
376 276 4
376 277 3
376 280 3
376 281 4
376 282 4
376 283 4
376 284 4
376 285 4
376 286 4
376 288 4
376 289 4
376 294 4
376 295 3
376 298 4
376 300 4
376 301 4
376 302 4
376 317 4
376 318 4
376 319 4
376 321 4
376 326 3
376 328 3
376 356 3
376 365 3
376 380 4
376 381 3
376 382 4
376 385 4
376 386 4
376 387 3
376 392 3
376 393 3
376 396 4
376 401 3
376 403 4
376 404 3
376 405 3
376 409 4
376 410 4
376 411 4
376 417 4
376 418 4
376 419 4
376 420 4
376 423 4
376 432 3
376 433 4
376 435 3
376 447 3
376 449 4
376 451 4
376 458 3
376 465 3
376 468 4
376 469 3
376 471 4
376 476 4
376 479 4
376 482 3
376 485 4
376 496 4
376 500 3
376 501 4
376 508 4
376 509 4
376 517 4
376 527 4
376 528 4
376 542 4
376 546 4
376 549 4
376 554 3
376 559 4
376 566 4
376 568 4
376 572 4
376 575 4
376 576 3
376 582 4
376 591 4
376 596 4
376 597 4
376 606 4
376 619 4
376 620 4
376 623 3
376 629 4
376 631 3
376 632 4
376 635 4
376 636 3
376 651 4
376 655 4
376 663 4
376 665 4
376 674 3
376 684 4
376 686 4
376 692 4
376 693 3
376 694 3
376 696 4
376 699 3
376 702 3
376 703 4
376 707 3
376 708 3
376 709 3
376 715 4
376 716 3
376 720 3
376 722 3
376 723 3
376 724 4
376 729 4
376 731 4
376 732 4
376 734 4
376 739 4
376 742 4
376 747 4
376 755 4
376 756 3
376 762 4
376 768 4
376 775 3
376 778 4
376 780 3
376 787 4
376 792 3
376 793 3
376 796 4
376 806 4
376 807 3
376 845 4
376 866 4
376 875 4
376 896 4
376 918 3
376 921 4
376 924 4
376 926 4
376 928 3
376 930 4
376 939 4
376 942 4
376 951 3
376 959 4
376 961 3
376 969 4
376 972 4
376 977 3
376 979 3
377 4 5
377 8 4
377 9 5
377 23 4
377 50 4
377 52 4
377 54 4
377 56 5
377 62 5
377 63 4
377 64 4
377 69 4
377 79 4
377 82 4
377 83 4
377 88 4
377 89 4
377 90 4
377 93 4
377 96 5
377 98 4
377 100 4
377 116 4
377 124 5
377 127 4
377 131 4
377 133 4
377 135 4
377 137 4
377 141 4
377 152 4
377 153 4
377 157 4
377 158 4
377 161 4
377 163 5
377 168 5
377 172 4
377 173 5
377 174 4
377 176 4
377 177 4
377 178 5
377 179 4
377 183 4
377 186 5
377 187 4
377 188 4
377 191 5
377 192 4
377 193 4
377 194 4
377 195 5
377 196 4
377 199 5
377 200 4
377 202 4
377 203 4
377 204 5
377 205 4
377 208 4
377 210 4
377 211 4
377 216 5
377 219 4
377 227 4
377 230 4
377 233 4
377 238 4
377 239 4
377 251 4
377 257 4
377 270 4
377 284 4
377 285 5
377 294 4
377 300 4
377 306 4
377 310 4
377 331 4
377 339 4
377 357 4
377 372 4
377 381 4
377 383 4
377 385 4
377 391 5
377 393 4
377 395 5
377 398 4
377 402 5
377 405 4
377 414 5
377 417 4
377 419 4
377 427 4
377 428 4
377 434 3
377 436 4
377 443 4
377 447 4
377 448 4
377 451 4
377 452 4
377 461 3
377 480 5
377 502 5
377 511 4
377 514 4
377 516 4
377 517 4
377 520 4
377 522 4
377 523 4
377 527 4
377 528 4
377 529 4
377 530 4
377 554 4
377 559 4
377 563 4
377 566 4
377 568 4
377 575 4
377 576 4
377 603 4
377 616 4
377 622 4
377 631 4
377 636 4
377 637 4
377 644 4
377 649 4
377 651 5
377 654 5
377 655 4
377 659 4
377 674 4
377 684 4
377 686 4
377 701 5
377 704 4
377 705 5
377 710 4
377 712 4
377 729 4
377 732 5
377 735 4
377 746 4
377 842 4
377 855 4
378 1 3
378 9 3
378 12 3
378 22 3
378 28 3
378 31 3
378 38 3
378 58 3
378 59 3
378 60 3
378 61 3
378 62 3
378 69 3
378 71 3
378 81 3
378 95 3
378 98 3
378 100 3
378 109 3
378 114 3
378 118 3
378 121 3
378 132 3
378 134 3
378 135 3
378 139 3
378 152 3
378 154 3
378 161 3
378 163 3
378 168 3
378 170 3
378 172 3
378 176 3
378 177 3
378 181 3
378 182 3
378 183 3
378 185 3
378 186 3
378 190 3
378 194 3
378 197 3
378 204 3
378 208 3
378 213 3
378 215 3
378 217 3
378 222 3
378 228 3
378 229 3
378 238 3
378 241 3
378 258 3
378 265 3
378 270 3
378 286 3
378 300 3
378 313 3
378 315 3
378 340 3
378 356 3
378 357 3
378 382 3
378 414 3
378 416 3
378 419 3
378 423 3
378 425 3
378 427 3
378 428 3
378 433 3
378 435 3
378 443 3
378 449 3
378 462 3
378 463 3
378 465 3
378 474 3
378 479 3
378 483 3
378 496 3
378 502 3
378 506 3
378 512 3
378 515 3
378 518 3
378 521 3
378 527 3
378 530 3
378 554 3
378 561 3
378 566 3
378 573 3
378 587 3
378 614 3
378 630 3
378 631 3
378 651 3
378 654 3
378 663 3
378 664 3
378 665 3
378 670 3
378 684 3
378 699 3
378 708 3
378 709 3
378 712 3
378 729 3
378 732 3
378 736 3
378 744 3
378 750 3
378 751 3
378 753 3
378 770 3
378 856 3
378 923 3
378 956 3
378 959 3
379 1 3
379 13 4
379 14 4
379 15 3
379 16 4
379 20 4
379 30 4
379 49 4
379 50 4
379 59 4
379 77 4
379 83 4
379 89 3
379 94 3
379 97 3
379 99 4
379 100 4
379 102 4
379 129 4
379 132 4
379 133 3
379 134 4
379 135 4
379 139 3
379 150 4
379 151 4
379 175 4
379 178 4
379 191 4
379 212 4
379 214 4
379 216 3
379 217 4
379 228 3
379 259 4
379 276 4
379 281 4
379 283 4
379 294 4
379 303 4
379 304 4
379 318 4
379 344 3
379 378 4
379 403 4
379 418 4
379 432 4
379 443 4
379 462 4
379 473 4
379 479 3
379 485 4
379 487 4
379 493 4
379 495 4
379 498 4
379 501 4
379 509 4
379 512 4
379 514 4
379 526 4
379 529 4
379 566 4
379 582 3
379 607 4
379 631 4
379 634 3
379 640 3
379 647 4
379 652 4
379 656 4
379 657 4
379 660 3
379 673 3
379 682 4
379 693 4
379 694 4
379 705 4
379 724 4
379 742 4
379 771 4
379 778 4
379 847 4
379 887 4
379 898 4
379 914 3
379 934 4
379 995 4
380 7 3
380 9 4
380 25 3
380 56 3
380 100 3
380 122 4
380 127 3
380 134 4
380 135 3
380 137 4
380 171 3
380 180 4
380 183 3
380 197 3
380 258 3
380 276 4
380 290 4
380 332 4
380 334 4
380 357 4
380 474 3
380 475 3
380 482 4
380 504 3
380 507 3
380 511 3
380 546 3
380 717 3
381 9 5
381 14 4
381 19 5
381 58 4
381 81 5
381 86 5
381 89 4
381 100 5
381 132 4
381 134 4
381 137 4
381 182 4
381 193 4
381 197 4
381 203 4
381 205 5
381 223 4
381 237 5
381 238 5
381 268 4
381 272 5
381 285 4
381 302 5
381 313 4
381 315 5
381 319 4
381 357 4
381 425 4
381 427 4
381 435 4
381 464 4
381 474 5
381 475 4
381 478 4
381 479 4
381 480 4
381 483 4
381 484 4
381 504 4
381 505 4
381 513 4
381 639 4
381 641 4
381 654 4
381 657 4
381 663 4
382 289 4
382 302 4
382 313 4
382 316 4
382 327 4
382 329 4
382 333 4
382 343 4
382 748 4
383 4 3
383 8 3
383 12 3
383 18 3
383 24 3
383 29 3
383 32 3
383 37 3
383 46 3
383 47 3
383 48 3
383 50 3
383 53 3
383 56 3
383 58 3
383 59 3
383 61 3
383 79 3
383 81 3
383 82 3
383 87 3
383 89 3
383 93 3
383 98 3
383 99 3
383 111 3
383 114 3
383 122 3
383 127 3
383 128 3
383 129 3
383 131 3
383 133 3
383 134 3
383 136 3
383 143 3
383 144 3
383 145 3
383 151 3
383 152 3
383 153 3
383 156 3
383 160 3
383 168 3
383 169 3
383 171 3
383 172 3
383 173 3
383 174 3
383 175 3
383 177 3
383 180 3
383 181 3
383 183 3
383 185 3
383 186 3
383 187 3
383 189 3
383 191 3
383 192 3
383 194 3
383 195 3
383 199 3
383 200 3
383 207 3
383 208 3
383 209 2
383 211 3
383 216 3
383 217 3
383 218 3
383 219 2
383 221 3
383 224 3
383 235 2
383 236 2
383 238 3
383 249 3
383 250 3
383 253 3
383 254 3
383 256 2
383 257 2
383 262 2
383 273 2
383 276 3
383 283 3
383 285 3
383 286 2
383 290 3
383 293 3
383 304 3
383 305 3
383 318 3
383 320 3
383 325 2
383 337 1
383 340 3
383 346 2
383 347 2
383 367 3
383 383 3
383 384 3
383 385 3
383 403 3
383 405 3
383 408 3
383 417 3
383 419 3
383 423 3
383 425 3
383 427 3
383 428 3
383 429 3
383 430 3
383 433 3
383 435 3
383 443 3
383 444 3
383 447 3
383 451 3
383 455 3
383 458 2
383 461 3
383 462 3
383 473 3
383 474 3
383 479 3
383 480 3
383 483 3
383 484 3
383 485 3
383 486 3
383 487 3
383 489 3
383 492 3
383 496 3
383 502 3
383 503 3
383 506 3
383 508 3
383 511 3
383 512 3
383 521 3
383 523 3
383 524 3
383 525 3
383 529 3
383 557 3
383 603 2
383 604 3
383 606 3
383 616 3
383 629 3
383 631 3
383 650 3
383 652 2
383 653 3
383 654 3
383 657 3
383 658 3
383 659 3
383 661 3
383 664 3
383 673 3
383 674 2
383 675 2
383 705 3
383 719 3
383 727 3
383 732 3
383 739 3
383 745 3
383 794 3
383 811 3
383 851 3
383 855 3
383 865 3
383 871 3
383 896 3
383 900 3
383 919 2
383 922 2
383 940 3
383 942 3
383 945 3
383 959 3
383 961 3
383 965 3
384 24 4
384 273 4
384 281 4
384 323 4
384 405 4
384 455 4
384 515 4
384 546 4
384 597 4
384 825 4
385 2 4
385 4 4
385 7 4
385 8 4
385 10 4
385 11 4
385 13 4
385 20 4
385 22 4
385 23 5
385 24 5
385 27 4
385 31 4
385 32 3
385 33 3
385 39 4
385 46 4
385 47 4
385 48 4
385 50 4
385 52 4
385 55 4
385 56 3
385 58 4
385 61 4
385 62 4
385 64 4
385 68 3
385 69 4
385 71 4
385 76 4
385 79 4
385 81 4
385 82 3
385 83 4
385 89 5
385 91 4
385 92 4
385 93 3
385 96 4
385 97 3
385 98 4
385 99 4
385 101 4
385 102 4
385 107 4
385 113 4
385 114 4
385 116 4
385 117 4
385 121 4
385 123 4
385 127 4
385 129 4
385 133 4
385 135 4
385 136 4
385 144 4
385 147 4
385 151 4
385 156 4
385 161 4
385 168 4
385 169 4
385 176 5
385 180 4
385 181 4
385 183 4
385 184 4
385 186 3
385 187 5
385 189 5
385 190 4
385 192 5
385 193 5
385 194 5
385 195 4
385 196 4
385 197 4
385 198 4
385 199 4
385 200 3
385 201 4
385 202 4
385 203 3
385 205 4
385 206 4
385 208 4
385 209 5
385 211 4
385 215 3
385 217 5
385 218 4
385 219 4
385 222 5
385 223 4
385 224 4
385 226 3
385 227 3
385 228 4
385 229 4
385 230 3
385 231 5
385 238 5
385 246 3
385 248 4
385 250 4
385 258 4
385 265 4
385 268 3
385 273 4
385 277 3
385 288 3
385 289 4
385 293 4
385 294 4
385 295 3
385 298 4
385 317 5
385 318 4
385 319 4
385 320 4
385 321 4
385 325 3
385 333 4
385 357 5
385 380 4
385 381 3
385 385 4
385 393 4
385 403 3
385 410 4
385 414 5
385 418 3
385 423 4
385 428 4
385 429 4
385 430 4
385 431 5
385 432 5
385 434 4
385 435 4
385 436 4
385 441 3
385 444 3
385 446 4
385 447 4
385 448 4
385 455 5
385 458 3
385 461 3
385 463 4
385 470 4
385 473 5
385 474 3
385 475 4
385 477 4
385 488 4
385 496 4
385 501 3
385 508 4
385 511 4
385 514 4
385 520 4
385 526 4
385 528 4
385 532 4
385 547 3
385 549 4
385 558 4
385 559 4
385 561 4
385 564 3
385 566 4
385 569 5
385 578 3
385 580 4
385 582 4
385 583 4
385 593 3
385 603 4
385 619 4
385 625 3
385 642 4
385 650 4
385 651 4
385 659 4
385 672 4
385 674 4
385 678 4
385 679 4
385 684 3
385 692 4
385 693 4
385 697 4
385 732 4
385 735 4
385 737 4
385 742 4
385 744 4
385 746 4
385 768 4
385 769 3
385 772 4
385 773 3
385 774 4
385 789 4
385 790 5
385 806 4
385 844 4
385 845 4
385 854 3
385 919 4
385 943 3
385 952 4
385 969 3
385 972 3
385 984 4
386 1 4
386 5 4
386 56 4
386 100 4
386 111 5
386 147 4
386 184 4
386 237 5
386 259 4
386 300 4
386 301 4
386 302 4
386 307 5
386 310 5
386 313 4
386 315 4
386 323 4
386 326 4
386 333 4
386 508 4
386 569 4
386 596 5
386 628 4
386 678 5
386 680 4
386 682 4
386 690 4
386 742 4
386 769 5
386 816 5
386 845 4
386 871 4
387 4 4
387 8 4
387 23 4
387 25 4
387 28 4
387 29 4
387 38 3
387 40 4
387 42 4
387 47 4
387 50 4
387 53 3
387 56 4
387 59 4
387 64 4
387 65 4
387 71 4
387 72 4
387 77 4
387 79 3
387 80 4
387 81 4
387 82 4
387 88 4
387 90 4
387 94 4
387 95 4
387 98 4
387 99 4
387 100 4
387 105 4
387 109 4
387 111 4
387 118 4
387 124 4
387 127 4
387 131 3
387 132 4
387 136 3
387 142 3
387 151 4
387 152 4
387 153 4
387 154 4
387 159 4
387 160 4
387 167 4
387 168 4
387 172 4
387 173 4
387 174 4
387 176 4
387 178 4
387 179 4
387 181 4
387 185 4
387 186 4
387 191 4
387 194 4
387 197 4
387 202 4
387 204 4
387 205 3
387 208 4
387 210 4
387 211 4
387 216 4
387 217 4
387 234 4
387 238 4
387 249 3
387 275 4
387 283 4
387 285 4
387 300 4
387 301 3
387 378 4
387 383 4
387 384 3
387 393 4
387 395 4
387 396 4
387 401 3
387 402 4
387 404 4
387 407 4
387 410 3
387 411 4
387 414 4
387 416 3
387 420 4
387 423 4
387 427 4
387 428 4
387 429 3
387 435 4
387 451 4
387 454 4
387 467 4
387 471 4
387 474 4
387 475 4
387 477 4
387 478 4
387 479 3
387 480 4
387 481 3
387 483 4
387 484 4
387 490 3
387 491 4
387 492 3
387 493 3
387 496 4
387 497 4
387 498 4
387 499 4
387 501 4
387 503 4
387 504 3
387 506 4
387 507 4
387 509 4
387 510 4
387 514 4
387 517 4
387 518 4
387 519 3
387 520 4
387 525 3
387 526 3
387 527 4
387 531 4
387 550 4
387 558 4
387 568 4
387 583 4
387 584 3
387 588 4
387 591 4
387 602 4
387 604 4
387 605 4
387 607 4
387 610 3
387 612 3
387 613 3
387 616 4
387 630 3
387 631 4
387 642 4
387 649 4
387 656 3
387 657 4
387 661 3
387 662 4
387 674 4
387 693 4
387 699 3
387 700 3
387 705 4
387 712 4
387 715 3
387 731 4
387 732 4
387 736 4
387 739 4
387 756 3
387 785 4
387 792 4
387 820 4
387 824 4
387 835 3
387 836 3
387 845 4
387 847 4
387 923 4
387 926 4
387 942 4
387 945 4
387 954 4
387 955 4
387 965 3
387 997 4
388 9 4
388 100 4
388 126 3
388 283 4
388 289 5
388 302 4
388 319 4
388 328 4
388 329 3
388 331 4
388 515 4
388 713 3
388 742 4
388 845 4
388 989 4
388 990 4
389 8 4
389 9 5
389 12 4
389 15 4
389 26 4
389 47 4
389 48 4
389 56 4
389 58 4
389 59 4
389 60 4
389 61 4
389 64 4
389 69 4
389 71 4
389 76 4
389 89 5
389 97 4
389 100 5
389 132 4
389 134 5
389 148 4
389 168 5
389 173 4
389 182 4
389 188 5
389 191 4
389 195 4
389 197 5
389 200 5
389 203 4
389 204 4
389 205 4
389 213 4
389 215 4
389 222 4
389 234 4
389 237 4
389 258 5
389 264 4
389 276 4
389 282 4
389 286 4
389 288 4
389 294 4
389 300 4
389 318 4
389 328 4
389 334 4
389 357 4
389 421 4
389 458 4
389 460 4
389 462 4
389 471 4
389 474 5
389 479 4
389 480 5
389 482 4
389 483 5
389 490 4
389 491 4
389 497 4
389 498 4
389 504 4
389 508 5
389 510 5
389 527 5
389 530 5
389 544 4
389 546 4
389 603 5
389 604 4
389 628 5
389 659 5
389 661 5
389 678 4
389 748 4
389 772 4
389 774 4
389 924 4
389 963 4
390 8 4
390 23 4
390 50 4
390 58 4
390 59 3
390 98 4
390 99 4
390 129 4
390 134 4
390 165 4
390 166 4
390 169 4
390 170 4
390 172 4
390 173 3
390 178 3
390 179 3
390 180 4
390 181 4
390 189 4
390 191 4
390 197 4
390 199 4
390 200 4
390 209 4
390 244 4
390 246 4
390 248 4
390 249 4
390 250 3
390 255 4
390 257 4
390 258 4
390 268 4
390 270 4
390 271 4
390 272 4
390 276 4
390 286 4
390 288 4
390 289 4
390 293 4
390 294 3
390 297 4
390 298 4
390 300 4
390 302 4
390 303 4
390 304 4
390 312 4
390 313 4
390 319 4
390 323 4
390 324 4
390 325 4
390 333 4
390 344 4
390 345 3
390 463 3
390 482 4
390 488 3
390 491 3
390 492 4
390 493 4
390 511 4
390 515 4
390 534 4
390 538 4
390 615 3
390 632 3
390 650 4
390 663 4
390 705 3
390 813 4
390 847 4
390 872 3
390 873 3
390 880 4
391 2 4
391 3 4
391 4 4
391 5 4
391 7 4
391 11 4
391 12 4
391 15 4
391 17 4
391 21 4
391 22 4
391 24 4
391 25 4
391 26 4
391 27 4
391 28 4
391 29 4
391 31 4
391 36 4
391 38 4
391 40 4
391 41 4
391 42 4
391 48 4
391 49 4
391 50 4
391 51 4
391 54 4
391 55 4
391 56 4
391 58 4
391 62 4
391 64 4
391 65 4
391 67 3
391 68 4
391 69 4
391 70 4
391 71 3
391 72 4
391 78 4
391 79 4
391 81 4
391 83 4
391 85 4
391 86 3
391 87 4
391 88 4
391 89 4
391 90 4
391 94 3
391 95 3
391 99 3
391 100 4
391 105 4
391 108 4
391 109 4
391 110 4
391 111 4
391 117 4
391 118 4
391 122 4
391 123 4
391 126 4
391 128 4
391 132 4
391 135 4
391 136 4
391 138 4
391 139 4
391 142 4
391 144 4
391 147 4
391 148 4
391 153 4
391 154 4
391 161 3
391 168 4
391 169 4
391 172 4
391 173 4
391 181 4
391 184 4
391 186 4
391 189 4
391 191 3
391 194 4
391 196 4
391 202 4
391 203 4
391 204 4
391 206 4
391 215 4
391 222 4
391 227 4
391 228 4
391 233 4
391 239 4
391 240 4
391 241 4
391 243 3
391 245 4
391 252 3
391 255 4
391 257 4
391 258 4
391 265 4
391 270 4
391 271 4
391 273 4
391 274 4
391 275 4
391 278 4
391 280 4
391 281 4
391 283 4
391 290 3
391 291 4
391 294 4
391 298 4
391 303 4
391 313 4
391 316 4
391 317 4
391 318 4
391 321 4
391 323 4
391 328 4
391 333 4
391 338 4
391 342 4
391 344 4
391 347 4
391 349 4
391 354 4
391 355 4
391 356 4
391 357 3
391 362 4
391 363 4
391 364 4
391 365 4
391 366 4
391 369 4
391 373 4
391 374 4
391 376 4
391 377 4
391 378 4
391 380 4
391 385 4
391 386 4
391 391 4
391 393 4
391 394 4
391 396 4
391 402 4
391 403 4
391 404 3
391 409 4
391 410 4
391 412 4
391 415 4
391 417 4
391 418 4
391 419 4
391 420 3
391 421 4
391 431 4
391 443 4
391 456 4
391 459 4
391 463 4
391 465 4
391 470 4
391 471 4
391 472 4
391 473 4
391 476 4
391 477 4
391 480 4
391 494 4
391 496 4
391 497 4
391 501 4
391 527 4
391 538 4
391 539 4
391 540 4
391 544 4
391 546 4
391 550 4
391 552 4
391 553 4
391 554 4
391 559 4
391 561 4
391 566 4
391 568 4
391 569 4
391 571 4
391 576 4
391 578 4
391 588 4
391 591 4
391 596 3
391 597 4
391 620 4
391 622 4
391 623 4
391 628 4
391 630 4
391 633 4
391 636 4
391 644 4
391 651 4
391 655 4
391 659 4
391 672 4
391 681 4
391 683 4
391 685 4
391 686 4
391 687 4
391 690 4
391 692 4
391 696 4
391 705 4
391 710 4
391 715 4
391 717 4
391 721 4
391 722 4
391 725 4
391 728 4
391 731 4
391 737 4
391 739 4
391 742 4
391 747 4
391 751 4
391 755 4
391 756 4
391 763 4
391 771 4
391 775 4
391 778 4
391 779 4
391 780 3
391 781 4
391 783 4
391 789 4
391 792 4
391 794 4
391 797 4
391 802 4
391 805 4
391 808 4
391 810 4
391 812 4
391 815 4
391 821 4
391 824 4
391 825 4
391 826 4
391 831 4
391 836 4
391 840 4
391 841 4
391 842 4
391 843 4
391 845 4
391 870 4
391 871 4
391 876 4
391 879 4
391 890 4
391 905 4
391 922 4
391 924 4
391 926 4
391 929 3
391 930 4
391 932 3
391 939 4
391 940 4
391 944 4
391 949 4
391 951 4
391 953 4
391 964 4
391 977 4
391 996 4
391 997 4
391 999 4
391 1000 4
392 1 4
392 4 4
392 7 4
392 22 4
392 28 3
392 31 3
392 38 4
392 42 4
392 50 4
392 56 4
392 67 4
392 68 3
392 72 4
392 73 4
392 79 3
392 84 4
392 88 4
392 96 3
392 97 4
392 98 4
392 101 4
392 109 4
392 117 3
392 121 3
392 128 4
392 132 4
392 144 3
392 154 4
392 156 4
392 158 3
392 161 4
392 164 3
392 172 3
392 174 4
392 179 4
392 181 4
392 184 3
392 186 4
392 195 3
392 208 4
392 210 4
392 216 4
392 217 4
392 218 3
392 226 3
392 227 4
392 228 4
392 229 4
392 230 4
392 232 4
392 233 4
392 238 4
392 250 4
392 257 4
392 265 4
392 288 4
392 313 4
392 364 4
392 383 4
392 385 4
392 386 4
392 402 4
392 411 4
392 416 4
392 423 3
392 433 4
392 449 4
392 450 4
392 455 4
392 496 4
392 508 4
392 541 4
392 550 3
392 552 4
392 559 4
392 561 4
392 568 4
392 576 3
392 597 4
392 655 4
392 658 4
392 665 4
392 679 4
392 739 4
392 746 4
392 763 4
392 771 4
392 773 4
392 780 4
392 797 3
392 802 4
393 1 4
393 15 5
393 50 5
393 64 4
393 89 5
393 97 5
393 98 4
393 100 4
393 121 5
393 151 4
393 154 4
393 174 4
393 186 4
393 216 5
393 231 4
393 237 5
393 240 4
393 252 4
393 255 5
393 257 5
393 313 4
393 315 5
393 328 4
393 342 5
393 378 4
393 423 5
393 458 4
393 472 5
393 596 5
393 739 5
393 892 5
393 924 5
394 1 3
394 9 3
394 25 4
394 100 3
394 106 3
394 117 4
394 121 4
394 125 3
394 148 3
394 237 3
394 245 4
394 260 3
394 274 4
394 282 4
394 288 3
394 300 4
394 322 3
394 333 3
394 471 3
394 591 3
394 597 4
394 678 3
394 717 3
394 742 3
394 751 3
394 829 3
394 840 3
394 841 3
394 871 3
394 977 3
394 986 4
395 7 4
395 22 4
395 23 4
395 50 4
395 56 4
395 95 3
395 100 4
395 108 4
395 117 4
395 127 3
395 134 4
395 135 4
395 171 4
395 172 4
395 174 4
395 177 4
395 178 3
395 183 4
395 192 4
395 194 4
395 195 4
395 197 3
395 199 4
395 210 3
395 221 4
395 261 3
395 268 4
395 273 4
395 286 4
395 288 3
395 302 4
395 313 4
395 318 3
395 322 4
395 324 4
395 325 4
395 332 3
395 334 4
395 338 4
395 340 3
395 345 3
395 390 4
395 423 3
395 435 4
395 457 3
395 475 4
395 483 3
395 498 4
395 504 4
395 513 4
395 588 3
395 611 4
395 615 3
395 641 4
395 657 3
395 680 4
395 705 4
395 748 4
395 751 4
395 853 3
395 855 4
395 878 3
395 894 3
395 988 4
395 989 2
395 991 3
396 2 5
396 4 5
396 12 5
396 13 5
396 15 4
396 25 4
396 28 5
396 31 5
396 47 5
396 49 5
396 50 4
396 56 4
396 63 5
396 64 4
396 65 4
396 66 5
396 69 5
396 70 4
396 72 4
396 73 5
396 82 4
396 85 5
396 87 5
396 94 4
396 95 4
396 117 5
396 124 5
396 125 4
396 126 4
396 127 5
396 132 4
396 134 4
396 144 5
396 152 4
396 154 5
396 158 5
396 159 4
396 163 4
396 167 4
396 168 4
396 172 4
396 174 5
396 176 4
396 178 4
396 181 4
396 182 5
396 183 4
396 186 4
396 191 4
396 194 4
396 196 4
396 197 5
396 199 5
396 202 4
396 203 5
396 204 4
396 211 4
396 216 5
396 228 4
396 229 4
396 230 4
396 234 4
396 235 4
396 239 5
396 274 5
396 276 5
396 284 5
396 357 5
396 385 4
396 393 5
396 399 4
396 403 4
396 414 5
396 417 4
396 423 4
396 429 4
396 430 4
396 432 4
396 435 4
396 474 4
396 476 4
396 479 4
396 480 5
396 481 4
396 485 5
396 491 4
396 493 5
396 494 5
396 496 4
396 497 4
396 498 4
396 501 5
396 502 4
396 504 5
396 510 5
396 514 5
396 519 5
396 520 4
396 521 5
396 523 5
396 525 4
396 588 5
396 589 4
396 591 4
396 602 4
396 654 5
396 659 5
396 661 4
396 663 5
396 700 4
396 710 4
396 715 5
396 732 5
396 735 4
396 737 5
396 756 5
396 796 5
396 953 4
396 969 4
396 991 4
396 993 4
397 2 3
397 5 3
397 8 3
397 9 3
397 12 3
397 15 3
397 22 3
397 26 3
397 33 3
397 38 3
397 41 3
397 42 3
397 43 3
397 48 3
397 50 3
397 53 3
397 55 3
397 56 3
397 57 3
397 58 3
397 62 3
397 63 3
397 64 3
397 66 3
397 67 3
397 68 3
397 69 3
397 71 3
397 72 3
397 73 3
397 77 3
397 79 3
397 80 3
397 84 3
397 91 3
397 93 3
397 94 3
397 95 3
397 97 3
397 98 3
397 99 3
397 102 3
397 110 3
397 114 3
397 117 3
397 118 3
397 121 3
397 127 3
397 128 3
397 132 3
397 140 3
397 143 3
397 144 3
397 147 3
397 148 3
397 153 3
397 155 3
397 156 3
397 157 3
397 161 3
397 164 3
397 168 3
397 172 3
397 174 3
397 175 3
397 179 3
397 180 3
397 181 3
397 186 3
397 187 3
397 188 3
397 195 3
397 196 3
397 203 3
397 204 3
397 210 3
397 214 3
397 215 3
397 219 3
397 223 3
397 227 3
397 228 3
397 229 3
397 230 3
397 231 3
397 233 3
397 234 3
397 237 3
397 238 3
397 239 3
397 241 3
397 264 3
397 265 3
397 268 3
397 273 3
397 274 3
397 276 3
397 282 3
397 284 3
397 288 3
397 289 3
397 291 3
397 295 3
397 301 3
397 307 3
397 318 3
397 323 3
397 332 3
397 338 3
397 340 3
397 364 3
397 372 3
397 378 3
397 380 3
397 382 3
397 383 3
397 384 3
397 385 3
397 386 3
397 388 3
397 389 3
397 395 3
397 399 3
397 400 3
397 401 3
397 402 3
397 403 3
397 405 3
397 407 3
397 412 3
397 413 3
397 418 3
397 420 3
397 423 3
397 431 3
397 432 3
397 436 3
397 444 3
397 450 3
397 451 3
397 452 3
397 454 3
397 455 3
397 459 3
397 470 3
397 471 3
397 475 3
397 486 3
397 496 3
397 501 3
397 506 3
397 508 3
397 527 3
397 531 3
397 543 3
397 544 3
397 546 3
397 549 3
397 550 3
397 554 3
397 559 3
397 564 3
397 566 3
397 568 3
397 575 3
397 576 3
397 578 3
397 582 3
397 588 3
397 591 3
397 597 3
397 616 3
397 622 3
397 628 3
397 633 3
397 651 3
397 655 3
397 660 3
397 679 3
397 684 3
397 693 3
397 697 3
397 710 3
397 720 3
397 722 3
397 727 3
397 732 3
397 735 3
397 738 3
397 742 3
397 744 3
397 746 3
397 747 3
397 754 3
397 755 3
397 760 3
397 763 3
397 768 3
397 772 3
397 774 3
397 779 3
397 781 3
397 806 3
397 809 3
397 813 3
397 817 3
397 824 3
397 825 3
397 826 3
397 845 3
397 924 3
397 926 3
397 928 3
397 941 3
397 946 3
397 959 3
397 969 3
397 975 3
397 977 3
397 986 3
398 258 4
398 259 3
398 288 4
398 294 4
398 304 4
398 307 3
398 321 4
398 323 4
398 689 3
399 1 3
399 9 3
399 11 3
399 13 2
399 14 3
399 26 3
399 44 3
399 50 2
399 64 3
399 65 2
399 70 3
399 71 2
399 83 3
399 97 2
399 100 3
399 111 3
399 117 4
399 121 3
399 127 3
399 133 3
399 135 3
399 143 3
399 144 2
399 147 3
399 151 3
399 153 3
399 154 2
399 157 3
399 161 2
399 162 3
399 168 3
399 172 2
399 173 3
399 174 3
399 181 3
399 194 3
399 196 3
399 197 3
399 198 3
399 199 3
399 202 2
399 204 3
399 210 3
399 225 2
399 235 2
399 237 3
399 248 2
399 257 3
399 272 3
399 273 3
399 275 3
399 276 2
399 280 3
399 282 3
399 294 3
399 302 3
399 312 3
399 315 3
399 316 3
399 318 3
399 321 3
399 322 3
399 328 3
399 357 3
399 365 3
399 371 2
399 385 3
399 404 2
399 430 2
399 435 3
399 451 3
399 462 3
399 471 3
399 478 2
399 481 3
399 484 3
399 485 3
399 486 2
399 493 3
399 499 3
399 501 3
399 507 3
399 508 3
399 509 3
399 511 2
399 515 3
399 519 3
399 520 3
399 527 3
399 528 3
399 535 2
399 553 3
399 566 2
399 582 3
399 603 2
399 604 2
399 609 3
399 630 2
399 632 2
399 638 2
399 651 3
399 654 3
399 655 2
399 659 2
399 661 2
399 684 2
399 707 2
399 724 3
399 735 2
399 748 3
399 762 3
399 815 3
399 866 3
399 892 3
400 1 5
400 9 4
400 10 4
400 13 4
400 16 4
400 19 4
400 25 5
400 42 4
400 48 4
400 50 5
400 96 5
400 111 4
400 116 4
400 117 4
400 124 4
400 126 4
400 127 5
400 135 4
400 151 5
400 182 5
400 204 4
400 222 4
400 234 4
400 237 4
400 245 4
400 255 4
400 273 4
400 276 4
400 286 5
400 455 4
400 471 4
400 475 4
400 476 4
400 480 4
400 483 4
400 511 4
400 529 4
400 591 4
400 628 4
400 696 4
400 764 4
