1 1 5
1 2 3
1 4 3
1 5 3
1 6 5
1 8 1
1 9 5
1 10 3
1 11 2
1 12 5
1 14 5
1 16 5
1 17 3
1 20 4
1 21 1
1 22 4
1 23 4
1 24 3
1 25 4
1 26 3
1 27 2
1 30 3
1 31 3
1 32 5
1 33 4
1 34 2
1 35 1
1 36 2
1 37 2
1 38 3
1 39 4
1 40 3
1 41 2
1 44 5
1 45 5
1 46 4
1 47 4
1 48 5
1 49 3
1 50 5
1 51 4
1 53 3
1 54 3
1 56 4
1 57 5
1 60 5
1 61 4
1 62 3
1 63 2
1 64 5
1 65 4
1 66 4
1 67 3
1 68 4
1 69 3
1 70 3
1 71 3
1 72 4
1 73 3
1 74 1
1 75 4
1 76 4
1 77 4
1 78 1
1 79 4
1 80 4
1 81 5
1 82 5
1 84 4
1 85 3
1 86 5
1 87 5
1 89 5
1 90 4
1 91 5
1 92 3
1 93 5
1 96 5
1 97 3
1 98 4
1 99 3
1 100 5
1 101 2
1 102 2
1 103 1
1 104 1
1 105 2
1 106 4
1 107 4
1 108 5
1 109 5
1 110 1
1 112 1
1 113 5
1 114 5
1 115 5
1 117 3
1 118 3
1 119 5
1 120 1
1 121 4
1 123 4
1 125 3
1 127 5
1 128 4
1 129 5
1 130 3
1 131 1
1 132 4
1 133 4
1 134 4
1 135 4
1 136 3
1 137 5
1 138 1
1 140 1
1 141 3
1 143 1
1 144 4
1 145 2
1 146 4
1 147 3
1 148 2
1 150 5
1 151 4
1 153 3
1 154 5
1 155 2
1 156 4
1 157 4
1 158 3
1 159 3
1 160 4
1 161 4
1 162 4
1 163 4
1 164 3
1 166 5
1 167 2
1 168 5
1 169 5
1 170 5
1 171 5
1 173 5
1 174 5
1 175 5
1 176 5
1 177 5
1 178 5
1 179 3
1 180 3
1 181 5
1 182 4
1 183 5
1 184 4
1 185 4
1 186 4
1 187 4
1 188 3
1 189 3
1 190 5
1 191 5
1 192 4
1 193 4
1 194 4
1 195 5
1 196 5
1 197 5
1 199 4
1 200 3
1 201 3
1 202 5
1 203 4
1 205 3
1 206 4
1 208 5
1 209 4
1 210 4
1 211 3
1 212 4
1 213 2
1 214 4
1 215 3
1 218 3
1 219 1
1 220 3
1 221 5
1 222 4
1 223 5
1 224 5
1 225 2
1 226 3
1 227 4
1 228 5
1 229 4
1 230 4
1 232 3
1 233 2
1 234 4
1 235 5
1 236 4
1 237 2
1 238 4
1 239 4
1 241 4
1 242 5
1 243 1
1 245 2
1 246 5
1 247 1
1 248 4
1 249 4
1 250 4
1 251 4
1 252 2
1 253 5
1 254 1
1 255 2
1 256 4
1 257 4
1 258 5
1 259 1
1 260 1
1 261 1
1 262 3
1 263 1
1 264 2
1 265 4
1 266 1
1 267 4
1 268 5
1 269 5
1 270 5
1 271 2
1 272 3
2 1 4
2 10 2
2 13 4
2 14 4
2 19 3
2 25 4
2 50 5
2 100 5
2 111 4
2 127 5
2 237 4
2 242 5
2 251 5
2 255 4
2 257 4
2 258 3
2 269 4
2 273 4
2 274 3
2 276 4
2 277 4
2 279 4
2 280 3
2 281 3
2 282 4
2 283 5
2 284 4
2 285 5
2 287 3
2 290 3
2 291 3
2 292 4
2 293 4
2 294 1
2 295 4
2 297 4
2 298 3
2 299 4
2 300 4
2 301 4
2 303 4
2 305 3
2 306 4
2 307 3
2 308 3
2 309 1
2 310 4
2 311 5
2 312 3
2 313 5
2 314 1
2 315 1
2 316 5
3 181 4
3 245 1
3 258 2
3 260 4
3 264 2
3 268 3
3 271 3
3 272 2
3 288 2
3 294 2
3 299 3
3 300 2
3 302 2
3 303 3
3 307 3
3 317 2
3 318 4
3 319 2
3 320 5
3 321 5
3 322 3
3 323 2
3 324 2
3 325 1
3 326 2
3 327 4
3 328 5
3 329 4
3 330 2
3 331 4
3 332 1
3 333 2
3 334 3
3 335 1
3 337 1
3 338 2
3 339 3
3 341 1
3 342 4
3 343 3
3 344 4
3 345 3
3 348 4
3 349 3
3 350 3
3 351 3
3 352 2
3 354 3
3 355 3
4 11 4
4 50 5
4 210 3
4 258 5
4 260 4
4 264 3
4 271 4
4 288 4
4 294 5
4 300 5
4 303 5
4 324 5
4 327 5
4 328 3
4 329 5
4 354 5
4 356 3
4 357 4
4 361 5
5 1 4
5 2 3
5 17 4
5 21 3
5 24 4
5 25 3
5 29 4
5 40 4
5 42 5
5 50 4
5 62 4
5 69 1
5 70 4
5 79 3
5 80 2
5 89 5
5 90 3
5 94 3
5 95 4
5 98 3
5 99 3
5 100 5
5 101 5
5 102 3
5 109 5
5 110 1
5 121 4
5 135 4
5 139 3
5 143 3
5 144 3
5 145 1
5 151 3
5 153 5
5 154 3
5 162 1
5 167 2
5 168 3
5 169 5
5 172 5
5 173 4
5 176 3
5 183 4
5 185 3
5 186 5
5 189 5
5 194 4
5 204 4
5 208 4
5 209 5
5 211 4
5 214 3
5 216 1
5 219 3
5 222 4
5 225 2
5 226 3
5 227 4
5 228 5
5 229 2
5 230 3
5 231 2
5 234 2
5 235 4
5 241 1
5 243 1
5 250 3
5 257 5
5 259 1
5 267 4
5 363 3
5 364 1
5 365 1
5 369 1
5 370 1
5 371 1
5 372 3
5 374 3
5 376 2
5 377 1
5 378 1
5 379 3
5 381 1
5 382 5
5 384 3
5 385 4
5 386 2
5 387 3
5 388 2
5 389 1
5 390 5
5 391 4
5 392 2
5 393 2
5 394 2
5 395 2
5 396 5
5 397 2
5 398 2
5 399 3
5 400 1
5 401 5
5 402 1
5 403 3
5 405 3
5 406 1
5 407 3
5 408 5
5 409 2
5 410 1
5 411 1
5 413 3
5 414 3
5 415 1
5 416 1
5 417 3
5 418 3
5 420 3
5 421 1
5 422 4
5 423 4
5 424 1
5 426 3
5 427 3
5 428 5
5 429 3
5 430 5
5 431 3
5 432 4
5 433 5
5 435 4
5 436 5
5 437 1
5 438 1
5 439 1
5 440 1
5 441 1
5 442 1
5 443 4
5 444 2
5 445 3
5 446 4
5 447 3
5 449 2
5 450 1
5 451 1
5 452 1
5 453 1
5 454 1
5 456 1
5 457 1
6 1 4
6 7 2
6 9 4
6 12 4
6 13 2
6 14 5
6 15 3
6 19 4
6 21 3
6 22 3
6 23 4
6 28 2
6 32 4
6 47 3
6 50 4
6 56 4
6 59 5
6 64 4
6 69 3
6 70 3
6 71 4
6 79 3
6 81 4
6 86 3
6 87 4
6 89 4
6 95 2
6 98 5
6 100 5
6 117 2
6 124 5
6 125 3
6 127 5
6 131 5
6 132 5
6 133 4
6 134 5
6 135 5
6 136 5
6 137 5
6 143 2
6 151 3
6 153 4
6 154 3
6 156 3
6 165 5
6 166 4
6 168 4
6 169 4
6 170 4
6 173 5
6 174 4
6 175 4
6 177 4
6 178 4
6 180 4
6 183 4
6 185 5
6 186 4
6 187 4
6 188 3
6 189 3
6 191 4
6 192 4
6 193 3
6 194 4
6 195 4
6 197 5
6 199 4
6 200 3
6 203 3
6 204 3
6 205 3
6 208 4
6 209 4
6 211 5
6 213 4
6 221 4
6 223 4
6 238 5
6 242 4
6 246 3
6 248 3
6 257 2
6 258 2
6 259 1
6 268 3
6 269 4
6 272 4
6 274 4
6 275 4
6 276 2
6 284 2
6 286 2
6 293 3
6 294 2
6 297 3
6 298 3
6 301 2
6 302 4
6 303 3
6 304 4
6 308 3
6 309 2
6 310 2
6 317 3
6 318 4
6 321 3
6 340 2
6 357 4
6 367 2
6 405 1
6 408 4
6 410 4
6 419 4
6 423 3
6 425 3
6 427 4
6 432 4
6 435 4
6 458 1
6 459 2
6 460 2
6 461 4
6 462 5
6 463 4
6 465 1
6 466 4
6 467 4
6 469 5
6 470 3
6 471 2
6 472 1
6 473 2
6 474 5
6 475 5
6 476 1
6 477 1
6 478 4
6 479 5
6 480 4
6 481 5
6 482 4
6 483 5
6 484 5
6 485 5
6 486 4
6 487 5
6 488 5
6 489 5
6 491 4
6 492 5
6 493 5
6 494 4
6 495 4
6 497 4
6 498 4
6 499 4
6 500 4
6 501 5
6 502 4
6 503 3
6 504 3
6 505 4
6 506 4
6 507 4
6 508 3
6 509 4
6 510 4
6 511 5
6 512 4
6 513 4
6 514 5
6 515 4
6 516 4
6 517 4
6 518 3
6 519 5
6 520 4
6 521 4
6 522 5
6 523 5
6 524 3
6 525 5
6 526 3
6 527 4
6 528 4
6 529 4
6 530 4
6 532 3
6 534 4
6 535 2
6 536 4
6 538 2
7 4 5
7 7 5
7 8 5
7 9 5
7 10 4
7 22 5
7 23 3
7 25 3
7 27 4
7 28 5
7 29 3
7 32 4
7 44 5
7 47 5
7 51 2
7 53 5
7 54 3
7 56 5
7 62 3
7 64 5
7 68 4
7 70 1
7 72 5
7 73 3
7 77 5
7 78 3
7 79 4
7 80 4
7 81 5
7 82 3
7 89 5
7 90 3
7 91 3
7 92 5
7 93 5
7 97 5
7 98 4
7 99 5
7 100 5
7 101 5
7 106 4
7 118 2
7 121 5
7 126 3
7 127 5
7 131 5
7 133 5
7 134 4
7 135 5
7 136 5
7 139 3
7 140 5
7 141 5
7 142 3
7 143 3
7 145 1
7 151 4
7 153 5
7 154 5
7 156 5
7 157 5
7 161 3
7 162 5
7 163 4
7 166 3
7 168 5
7 171 3
7 172 4
7 174 5
7 175 5
7 176 3
7 177 4
7 178 4
7 180 5
7 181 3
7 182 4
7 183 4
7 185 5
7 186 4
7 187 4
7 188 5
7 190 5
7 191 5
7 192 4
7 193 5
7 194 5
7 195 5
7 196 5
7 199 5
7 200 5
7 201 2
7 202 3
7 203 5
7 204 5
7 205 5
7 207 4
7 208 5
7 210 4
7 212 1
7 213 3
7 214 5
7 215 4
7 216 4
7 219 1
7 223 5
7 226 5
7 227 3
7 228 4
7 229 3
7 230 3
7 231 3
7 232 3
7 234 5
7 237 5
7 238 5
7 241 4
7 258 4
7 259 3
7 260 1
7 264 4
7 266 4
7 268 3
7 269 3
7 273 3
7 281 3
7 285 5
7 286 4
7 288 4
7 294 1
7 300 4
7 307 5
7 324 1
7 334 5
7 356 4
7 378 5
7 379 4
7 380 4
7 382 4
7 384 3
7 385 5
7 386 4
7 387 3
7 389 4
7 391 3
7 393 4
7 396 4
7 399 4
7 401 4
7 402 5
7 403 4
7 404 5
7 405 3
7 416 5
7 417 3
7 418 4
7 419 3
7 420 5
7 423 5
7 428 5
7 429 5
7 430 3
7 431 4
7 432 4
7 433 5
7 434 4
7 435 5
7 436 5
7 440 1
7 443 5
7 444 5
7 446 2
7 447 5
7 448 3
7 449 3
7 450 4
7 451 5
7 452 5
7 455 4
7 461 4
7 465 4
7 470 3
7 471 4
7 472 2
7 474 5
7 479 4
7 480 4
7 481 5
7 482 3
7 483 4
7 484 5
7 485 5
7 487 3
7 488 4
7 489 3
7 491 5
7 492 5
7 495 5
7 496 5
7 497 4
7 498 5
7 499 4
7 501 5
7 502 5
7 503 4
7 504 5
7 505 3
7 506 5
7 507 5
7 510 5
7 511 5
7 513 4
7 514 2
7 515 3
7 519 4
7 520 5
7 523 4
7 526 5
7 527 5
7 528 5
7 529 2
7 530 5
7 537 3
7 540 3
7 541 2
7 542 4
7 543 3
7 544 3
7 545 2
7 546 4
7 547 3
7 548 5
7 549 4
7 550 4
7 551 1
7 552 4
7 553 3
7 554 3
7 555 4
7 556 3
7 557 4
7 558 4
7 559 5
7 560 3
7 562 5
7 563 2
7 564 3
7 565 4
7 566 4
7 567 1
7 568 5
7 570 3
7 571 3
7 572 3
7 573 5
7 574 5
7 575 3
7 576 5
7 578 3
7 579 4
7 580 3
7 581 5
7 582 5
7 583 2
7 584 4
7 585 4
7 587 4
7 588 4
7 589 5
7 590 2
7 591 3
7 593 5
7 594 3
7 595 2
7 596 5
7 597 3
7 599 1
7 600 4
7 601 5
7 603 4
7 604 3
7 605 4
7 606 3
7 608 4
7 609 3
7 610 5
7 611 3
7 612 5
7 613 4
7 614 5
7 615 4
7 616 4
7 617 5
7 618 4
7 619 3
7 620 4
7 621 5
7 622 4
7 623 3
7 624 4
7 625 3
7 626 5
7 627 3
7 628 3
7 630 5
7 631 4
7 633 5
7 634 5
7 635 3
7 636 4
7 637 4
7 638 4
7 640 3
7 641 5
7 642 3
7 643 4
7 644 5
7 645 4
7 646 5
7 647 5
7 648 5
7 649 5
7 650 3
7 651 5
7 652 3
7 653 4
7 654 5
7 655 5
7 656 3
7 657 4
7 658 3
7 659 5
7 660 5
7 661 5
7 662 3
7 665 4
7 666 4
7 667 5
7 668 4
7 669 1
7 670 5
7 671 5
7 672 1
7 673 3
7 674 2
7 675 5
7 676 3
7 677 3
7 678 3
7 679 5
7 680 4
7 681 1
7 682 2
7 683 4
8 7 3
8 11 3
8 22 5
8 50 5
8 56 5
8 79 4
8 82 5
8 89 4
8 96 3
8 127 5
8 144 5
8 172 5
8 174 5
8 176 5
8 177 4
8 181 4
8 182 5
8 183 5
8 187 4
8 188 5
8 190 4
8 195 5
8 210 4
8 227 4
8 228 5
8 229 5
8 233 4
8 241 4
8 258 5
8 259 1
8 273 3
8 294 3
8 301 4
8 338 4
8 341 2
8 385 1
8 403 4
8 435 5
8 457 1
8 511 5
8 518 4
8 550 3
8 568 4
8 651 5
8 684 4
8 685 4
8 686 3
8 687 1
8 688 1
8 689 4
9 6 5
9 201 5
9 242 4
9 276 4
9 286 5
9 294 4
9 298 5
9 340 4
9 371 5
9 402 4
9 479 4
9 483 5
9 487 5
9 507 4
9 521 4
9 527 3
9 615 4
9 690 1
9 691 5
10 1 4
10 4 4
10 7 4
10 11 4
10 13 3
10 16 4
10 22 5
10 32 4
10 33 4
10 48 4
10 50 5
10 56 5
10 59 4
10 60 3
10 64 4
10 69 4
10 82 4
10 98 4
10 99 5
10 100 5
10 116 4
10 124 5
10 127 5
10 129 4
10 132 5
10 133 5
10 134 5
10 135 5
10 137 4
10 144 4
10 155 4
10 156 4
10 157 5
10 160 4
10 161 4
10 162 4
10 164 4
10 168 4
10 170 4
10 174 4
10 175 3
10 176 4
10 178 5
10 182 5
10 183 5
10 185 5
10 186 4
10 191 5
10 192 4
10 194 4
10 195 4
10 197 5
10 199 4
10 200 5
10 203 4
10 205 5
10 211 5
10 216 4
10 218 4
10 221 4
10 223 5
10 234 4
10 245 4
10 269 4
10 273 4
10 274 4
10 275 4
10 276 4
10 283 4
10 285 5
10 289 4
10 294 3
10 302 4
10 319 3
10 321 4
10 333 4
10 334 4
10 340 4
10 357 5
10 367 4
10 371 4
10 385 4
10 404 4
10 418 4
10 420 4
10 432 4
10 435 5
10 447 4
10 461 3
10 462 3
10 463 4
10 467 4
10 474 4
10 475 4
10 478 5
10 480 5
10 483 5
10 486 4
10 488 5
10 489 4
10 493 4
10 495 4
10 496 5
10 497 4
10 498 5
10 499 4
10 504 5
10 505 4
10 509 4
10 510 5
10 511 4
10 513 4
10 519 5
10 521 4
10 527 4
10 529 3
10 530 4
10 531 5
10 558 4
10 582 4
10 588 4
10 602 5
10 603 5
10 606 5
10 611 5
10 615 4
10 629 4
10 651 4
10 652 3
10 654 5
10 655 5
10 656 5
10 657 4
10 663 3
10 664 4
10 692 4
10 693 4
10 694 5
10 695 3
10 696 4
10 697 3
10 698 4
10 701 4
10 702 3
10 703 5
10 704 3
10 705 4
10 706 4
10 708 4
10 709 4
10 710 4
10 711 4
10 712 4
11 9 5
11 12 2
11 15 5
11 22 4
11 24 3
11 25 3
11 29 3
11 38 3
11 39 3
11 40 3
11 42 3
11 47 4
11 51 4
11 54 3
11 56 4
11 57 2
11 69 3
11 70 4
11 79 4
11 86 4
11 90 2
11 94 3
11 97 4
11 98 2
11 100 4
11 109 3
11 110 3
11 111 4
11 120 2
11 123 3
11 125 4
11 135 4
11 168 3
11 175 3
11 176 3
11 180 2
11 185 4
11 190 3
11 191 4
11 194 4
11 203 4
11 204 3
11 208 4
11 211 3
11 215 3
11 216 3
11 222 3
11 227 3
11 228 3
11 230 4
11 237 4
11 238 3
11 241 4
11 258 5
11 259 3
11 260 1
11 268 5
11 274 3
11 277 5
11 286 5
11 290 3
11 291 4
11 300 3
11 312 4
11 317 4
11 318 5
11 332 5
11 350 4
11 357 5
11 367 3
11 370 3
11 372 4
11 383 2
11 386 3
11 395 2
11 402 4
11 405 3
11 414 3
11 423 5
11 425 4
11 428 4
11 429 5
11 430 3
11 433 4
11 434 4
11 435 4
11 449 3
11 455 3
11 504 3
11 508 4
11 517 2
11 521 2
11 524 4
11 526 3
11 527 4
11 544 4
11 549 4
11 558 3
11 561 2
11 573 3
11 577 3
11 580 5
11 597 2
11 603 4
11 646 3
11 652 4
11 654 3
11 659 5
11 660 3
11 662 3
11 663 4
11 690 4
11 692 4
11 699 4
11 707 5
11 710 2
11 713 5
11 714 4
11 715 3
11 716 3
11 717 2
11 718 5
11 719 3
11 720 1
11 721 3
11 722 3
11 723 5
11 724 3
11 725 3
11 726 3
11 727 3
11 728 3
11 730 3
11 731 4
11 732 3
11 733 4
11 734 3
11 735 3
11 736 4
11 738 3
11 739 3
11 740 4
11 741 5
11 742 3
11 743 2
11 744 4
11 745 5
11 746 4
11 748 1
11 749 5
11 750 5
11 751 2
11 752 4
12 4 5
12 15 5
12 28 5
12 50 4
12 71 4
12 82 4
12 96 4
12 97 5
12 98 5
12 132 5
12 133 4
12 143 5
12 157 5
12 159 4
12 161 5
12 168 4
12 170 4
12 172 4
12 174 5
12 191 5
12 195 4
12 196 5
12 200 1
12 202 4
12 204 5
12 215 4
12 216 5
12 228 4
12 242 5
12 276 4
12 282 5
12 300 4
12 318 5
12 381 4
12 392 4
12 402 5
12 416 3
12 471 5
12 591 5
12 684 5
12 708 3
12 735 5
12 753 5
12 754 4
13 1 3
13 2 3
13 4 5
13 5 1
13 7 2
13 11 1
13 12 5
13 13 5
13 14 4
13 17 1
13 21 3
13 22 4
13 23 5
13 24 1
13 25 1
13 27 3
13 29 2
13 32 4
13 33 5
13 37 1
13 39 3
13 40 2
13 42 4
13 45 3
13 48 5
13 50 5
13 51 3
13 53 1
13 56 5
13 58 4
13 59 4
13 61 4
13 62 5
13 64 5
13 66 3
13 67 1
13 68 3
13 69 4
13 70 3
13 71 4
13 72 4
13 73 3
13 79 3
13 82 2
13 83 2
13 86 1
13 87 5
13 88 4
13 89 4
13 90 3
13 91 2
13 92 3
13 94 3
13 95 5
13 96 4
13 97 4
13 98 4
13 99 4
13 100 5
13 109 4
13 110 3
13 111 5
13 117 3
13 118 4
13 121 5
13 124 5
13 128 1
13 137 5
13 138 1
13 144 4
13 147 3
13 150 5
13 152 5
13 153 4
13 154 5
13 155 2
13 157 3
13 160 4
13 161 5
13 163 3
13 164 3
13 167 4
13 168 4
13 170 5
13 173 2
13 177 5
13 178 4
13 179 2
13 180 5
13 181 5
13 183 4
13 185 3
13 186 4
13 190 4
13 191 3
13 193 5
13 194 5
13 195 3
13 196 4
13 197 4
13 198 3
13 199 5
13 200 3
13 201 1
13 202 5
13 204 5
13 205 2
13 208 5
13 210 3
13 212 5
13 215 5
13 216 3
13 217 1
13 219 1
13 222 3
13 223 5
13 224 4
13 226 4
13 227 5
13 228 4
13 229 4
13 230 3
13 231 3
13 232 3
13 233 4
13 234 5
13 237 5
13 238 3
13 239 4
13 241 3
13 243 3
13 258 4
13 261 1
13 263 5
13 264 4
13 265 4
13 268 4
13 269 2
13 270 4
13 271 1
13 272 4
13 273 3
13 274 3
13 276 5
13 279 5
13 281 3
13 286 3
13 287 1
13 289 2
13 290 4
13 292 5
13 294 2
13 299 3
13 300 1
13 301 1
13 302 5
13 303 4
13 305 4
13 306 3
13 307 2
13 308 3
13 311 3
13 312 1
13 313 4
13 314 1
13 315 5
13 316 5
13 317 5
13 318 3
13 319 4
13 320 1
13 321 2
13 323 3
13 327 3
13 328 3
13 329 2
13 331 3
13 332 3
13 333 3
13 334 1
13 338 1
13 339 3
13 340 2
13 341 2
13 342 4
13 343 1
13 344 2
13 345 4
13 346 4
13 347 5
13 348 2
13 349 1
13 350 2
13 351 1
13 353 4
13 354 2
13 355 3
13 357 3
13 360 4
13 363 3
13 367 3
13 371 3
13 377 1
13 379 1
13 382 1
13 384 2
13 385 3
13 387 3
13 391 3
13 394 2
13 396 3
13 398 2
13 401 1
13 402 4
13 403 2
13 404 5
13 405 2
13 406 1
13 409 3
13 410 1
13 411 2
13 413 1
13 414 5
13 416 3
13 417 2
13 418 2
13 419 3
13 420 4
13 421 2
13 423 5
13 427 5
13 428 5
13 430 5
13 431 1
13 433 4
13 435 5
13 436 2
13 437 1
13 439 1
13 440 1
13 441 1
13 442 1
13 443 4
13 444 4
13 447 2
13 448 1
13 449 4
13 450 3
13 451 1
13 452 3
13 453 2
13 455 3
13 457 1
13 462 5
13 463 5
13 467 5
13 471 1
13 472 5
13 473 4
13 475 3
13 476 2
13 477 4
13 478 4
13 480 3
13 481 3
13 482 5
13 483 5
13 484 5
13 485 1
13 488 3
13 491 4
13 492 5
13 493 5
13 494 4
13 498 4
13 501 5
13 502 5
13 505 3
13 506 5
13 507 1
13 508 3
13 509 5
13 510 5
13 511 5
13 514 5
13 516 5
13 517 5
13 518 4
13 519 5
13 520 4
13 523 4
13 524 4
13 526 3
13 527 5
13 529 4
13 530 5
13 531 3
13 538 1
13 539 1
13 540 3
13 546 3
13 547 1
13 548 3
13 550 4
13 551 1
13 553 2
13 554 2
13 558 1
13 559 1
13 561 1
13 563 1
13 564 1
13 565 1
13 567 1
13 568 3
13 570 5
13 572 2
13 573 3
13 576 3
13 578 3
13 585 4
13 586 3
13 588 4
13 589 3
13 596 3
13 597 3
13 601 4
13 602 4
13 603 4
13 604 5
13 606 4
13 610 2
13 612 4
13 613 4
13 614 4
13 615 4
13 617 3
13 621 4
13 624 5
13 625 2
13 630 2
13 631 3
13 632 3
13 635 1
13 636 2
13 637 2
13 638 3
13 639 3
13 646 4
13 650 2
13 651 5
13 652 5
13 654 5
13 655 5
13 656 5
13 657 4
13 659 3
13 661 5
13 662 5
13 663 5
13 665 2
13 667 1
13 668 1
13 669 1
13 670 3
13 672 1
13 673 3
13 674 3
13 675 5
13 678 3
13 679 4
13 682 1
13 683 1
13 684 5
13 685 5
13 686 5
13 687 1
13 688 1
13 689 2
13 690 3
13 692 4
13 694 4
13 705 5
13 706 1
13 709 4
13 712 4
13 716 4
13 720 4
13 732 5
13 733 5
13 735 3
13 736 4
13 737 4
13 739 4
13 740 1
13 747 4
13 748 4
13 750 5
13 751 5
13 752 1
13 754 4
13 755 3
13 757 3
13 758 1
13 759 2
13 760 1
13 761 4
13 762 5
13 763 1
13 764 2
13 766 4
13 768 4
13 769 3
13 770 4
13 771 3
13 772 1
13 773 1
13 775 4
13 776 2
13 780 1
13 781 3
13 782 3
13 783 3
13 784 1
13 785 3
13 786 3
13 787 3
13 788 1
13 789 5
13 790 2
13 791 5
13 792 5
13 794 4
13 795 2
13 796 3
13 797 5
13 800 1
13 801 3
13 802 2
13 804 2
13 805 4
13 806 5
13 807 1
13 808 2
13 809 4
13 812 2
13 814 5
13 815 4
13 816 1
13 817 1
13 818 3
13 820 4
13 821 3
13 823 5
13 824 3
13 827 3
13 828 1
13 829 3
13 830 1
13 831 3
13 832 4
13 833 2
13 835 3
13 836 2
13 838 1
13 839 1
13 840 3
13 842 2
13 843 5
13 844 1
13 845 3
13 846 2
13 847 4
13 848 5
13 849 1
13 850 4
13 851 5
13 852 1
13 854 1
13 855 4
13 856 5
13 857 3
13 858 1
13 859 1
13 860 1
13 861 3
13 864 4
13 865 5
13 866 3
13 867 5
13 868 5
13 869 3
13 871 2
13 872 3
13 873 1
13 874 5
13 875 1
13 876 2
13 877 2
13 878 1
13 879 2
13 880 3
13 881 2
13 883 3
13 884 2
13 885 1
13 886 5
13 887 5
13 888 2
13 889 3
13 890 1
13 891 1
13 892 3
13 894 1
13 895 1
13 896 5
13 897 1
13 898 1
13 900 5
13 901 1
13 902 3
13 906 3
13 907 1
13 908 1
13 909 5
13 910 2
13 912 2
13 913 1
13 914 2
13 915 5
13 918 3
14 7 5
14 9 4
14 12 5
14 13 4
14 14 3
14 15 4
14 18 3
14 22 3
14 23 5
14 32 5
14 42 4
14 50 5
14 56 5
14 70 1
14 81 5
14 93 3
14 96 4
14 98 3
14 100 5
14 111 3
14 116 5
14 121 3
14 124 5
14 127 2
14 151 5
14 168 4
14 172 5
14 173 4
14 174 5
14 175 5
14 176 1
14 181 5
14 191 4
14 202 3
14 204 5
14 210 5
14 211 4
14 213 5
14 222 4
14 238 5
14 242 4
14 265 3
14 269 4
14 275 4
14 283 4
14 285 5
14 288 4
14 302 5
14 313 2
14 319 1
14 357 2
14 408 5
14 427 5
14 428 4
14 455 4
14 473 5
14 474 4
14 475 3
14 477 4
14 492 4
14 498 5
14 507 4
14 509 5
14 514 4
14 517 4
14 519 5
14 523 4
14 530 5
14 596 3
14 603 4
14 628 5
14 655 5
14 709 5
14 716 5
14 750 3
14 762 3
14 792 5
14 813 2
14 820 3
14 845 3
14 920 4
14 921 5
14 922 4
14 923 5
15 1 1
15 7 1
15 9 4
15 13 1
15 14 4
15 15 4
15 18 1
15 20 3
15 25 3
15 50 5
15 111 4
15 118 1
15 125 5
15 127 2
15 137 4
15 148 3
15 181 5
15 220 4
15 222 3
15 235 1
15 237 3
15 243 1
15 244 2
15 248 1
15 251 2
15 252 2
15 255 5
15 257 4
15 269 5
15 274 4
15 275 4
15 278 1
15 280 3
15 282 3
15 285 4
15 286 2
15 289 3
15 291 3
15 292 5
15 300 4
15 301 4
15 302 4
15 303 3
15 306 5
15 307 1
15 308 5
15 310 4
15 323 1
15 328 3
15 331 3
15 333 1
15 405 2
15 409 3
15 411 2
15 455 1
15 458 5
15 459 5
15 471 4
15 473 1
15 476 4
15 508 2
15 546 2
15 591 2
15 620 4
15 676 4
15 678 1
15 685 4
15 690 4
15 696 2
15 742 2
15 744 4
15 749 1
15 754 5
15 815 1
15 864 4
15 866 4
15 879 3
15 889 3
15 924 3
15 925 2
15 926 1
15 927 4
15 928 1
15 929 1
15 930 2
15 931 1
15 932 1
15 933 1
15 934 4
15 935 3
15 936 5
15 937 4
16 1 5
16 4 5
16 7 5
16 8 5
16 9 5
16 11 5
16 12 5
16 15 5
16 22 5
16 27 2
16 28 5
16 31 5
16 51 4
16 55 5
16 56 5
16 58 4
16 64 5
16 69 5
16 70 4
16 71 5
16 76 5
16 79 5
16 87 4
16 89 2
16 92 4
16 95 5
16 96 5
16 98 5
16 99 5
16 100 5
16 109 4
16 125 3
16 134 4
16 143 5
16 144 5
16 151 5
16 152 4
16 155 3
16 156 4
16 158 4
16 160 4
16 161 5
16 164 5
16 168 4
16 172 5
16 174 5
16 178 5
16 180 5
16 182 5
16 183 5
16 191 5
16 194 5
16 195 5
16 197 5
16 199 5
16 200 5
16 204 5
16 208 5
16 209 5
16 216 5
16 227 5
16 228 5
16 230 5
16 233 5
16 234 5
16 237 5
16 240 4
16 273 5
16 282 5
16 284 1
16 288 3
16 294 4
16 300 5
16 302 5
16 318 5
16 321 3
16 357 5
16 385 5
16 404 5
16 418 5
16 423 5
16 427 5
16 443 5
16 447 5
16 448 5
16 467 5
16 469 3
16 471 3
16 476 3
16 479 5
16 482 5
16 496 5
16 498 5
16 502 4
16 504 5
16 509 2
16 510 4
16 531 5
16 546 4
16 564 1
16 583 4
16 602 5
16 603 5
16 606 4
16 629 4
16 642 5
16 654 5
16 655 5
16 657 5
16 661 4
16 684 5
16 692 4
16 693 4
16 705 5
16 735 3
16 761 2
16 770 3
16 812 2
16 940 2
16 941 1
16 942 4
16 944 1
16 945 4
16 946 5
16 947 4
16 948 3
17 1 4
17 7 4
17 9 3
17 13 3
17 100 4
17 111 3
17 117 3
17 125 1
17 126 4
17 137 4
17 150 5
17 151 4
17 237 2
17 243 1
17 245 2
17 286 3
17 294 4
17 323 1
17 471 2
17 475 4
17 508 3
17 744 3
17 919 4
18 1 5
18 4 3
18 6 5
18 9 5
18 12 5
18 13 5
18 14 5
18 19 3
18 22 5
18 23 4
18 25 3
18 26 4
18 42 3
18 45 5
18 47 3
18 52 5
18 57 4
18 58 4
18 59 4
18 60 4
18 61 4
18 64 5
18 65 5
18 66 3
18 69 3
18 70 4
18 71 4
18 72 3
18 79 4
18 81 3
18 82 3
18 86 4
18 89 3
18 91 3
18 94 3
18 95 4
18 97 4
18 98 5
18 99 5
18 111 3
18 113 5
18 125 3
18 126 5
18 131 4
18 132 5
18 134 5
18 135 3
18 136 5
18 143 4
18 151 3
18 152 3
18 153 4
18 154 4
18 157 3
18 162 4
18 165 4
18 166 4
18 168 3
18 169 5
18 170 5
18 175 4
18 177 3
18 178 3
18 179 4
18 180 4
18 181 3
18 182 4
18 185 3
18 186 4
18 188 3
18 189 5
18 190 4
18 191 4
18 193 5
18 194 3
18 195 3
18 196 3
18 197 4
18 198 3
18 199 3
18 200 3
18 202 3
18 204 3
18 208 4
18 209 4
18 210 5
18 211 5
18 213 5
18 214 4
18 215 3
18 216 4
18 221 5
18 223 5
18 224 5
18 234 3
18 236 3
18 237 3
18 238 5
18 241 3
18 269 5
18 275 5
18 276 5
18 283 5
18 284 3
18 285 5
18 286 5
18 287 4
18 318 5
18 319 4
18 367 4
18 378 3
18 382 3
18 386 2
18 387 4
18 392 3
18 393 3
18 402 3
18 403 3
18 404 4
18 408 5
18 411 3
18 414 4
18 416 5
18 419 3
18 423 5
18 425 3
18 427 5
18 428 3
18 430 4
18 432 4
18 434 3
18 435 4
18 443 3
18 451 3
18 461 4
18 462 3
18 463 4
18 474 4
18 476 3
18 478 5
18 479 4
18 480 4
18 482 5
18 483 4
18 485 5
18 486 3
18 487 4
18 488 3
18 489 4
18 492 4
18 494 3
18 496 5
18 497 4
18 498 4
18 504 5
18 509 4
18 513 4
18 514 5
18 515 5
18 517 2
18 519 4
18 520 4
18 523 4
18 526 4
18 527 4
18 528 4
18 529 5
18 530 4
18 549 4
18 582 5
18 588 4
18 602 3
18 603 3
18 607 3
18 609 4
18 610 4
18 613 5
18 614 4
18 627 3
18 629 3
18 630 3
18 631 5
18 639 4
18 647 4
18 649 3
18 654 4
18 659 4
18 660 5
18 663 4
18 692 3
18 699 5
18 702 3
18 704 3
18 705 3
18 707 3
18 708 3
18 709 5
18 714 4
18 716 5
18 729 3
18 732 3
18 735 4
18 736 4
18 737 3
18 739 3
18 747 3
18 753 4
18 762 3
18 775 3
18 778 2
18 781 3
18 792 5
18 794 3
18 805 4
18 845 3
18 863 3
18 921 5
18 923 5
18 949 3
18 950 3
18 951 3
18 953 3
18 954 3
18 955 4
18 956 5
18 957 3
18 960 4
18 961 3
18 963 5
18 964 3
18 965 4
18 966 2
18 968 3
18 969 3
18 970 3
18 971 4
18 972 3
18 973 3
19 4 4
19 153 4
19 201 3
19 202 4
19 210 3
19 211 4
19 258 4
19 268 2
19 288 3
19 310 4
19 313 2
19 319 4
19 325 4
19 382 3
19 435 5
19 655 3
19 692 3
19 887 4
20 1 3
20 11 2
20 69 1
20 87 5
20 94 2
20 95 3
20 98 3
20 118 4
20 121 3
20 143 3
20 144 2
20 148 5
20 151 3
20 172 3
20 174 4
20 176 2
20 181 4
20 186 3
20 194 3
20 208 2
20 210 4
20 252 4
20 274 4
20 288 1
20 357 1
20 378 3
20 405 3
20 423 2
20 496 5
20 498 3
20 568 4
20 588 4
20 597 3
20 633 4
20 678 4
20 742 4
20 763 1
20 820 2
20 866 1
20 931 1
20 934 4
21 5 2
21 7 5
21 17 4
21 50 3
21 56 5
21 98 5
21 100 5
21 103 1
21 106 2
21 118 1
21 121 1
21 123 4
21 129 4
21 145 1
21 148 1
21 164 5
21 184 4
21 185 5
21 200 5
21 201 5
21 217 3
21 218 4
21 219 5
21 222 2
21 234 5
21 240 4
21 242 3
21 243 2
21 244 4
21 245 1
21 258 4
21 259 2
21 260 2
21 261 1
21 262 4
21 263 1
21 281 2
21 288 3
21 289 3
21 291 3
21 292 3
21 294 3
21 295 3
21 298 5
21 299 1
21 300 3
21 301 4
21 319 2
21 320 3
21 322 3
21 324 4
21 325 4
21 326 5
21 327 3
21 328 3
21 358 3
21 370 1
21 379 3
21 396 2
21 406 1
21 413 2
21 424 1
21 436 4
21 437 1
21 438 1
21 439 1
21 440 1
21 441 3
21 443 4
21 444 3
21 445 3
21 447 5
21 448 4
21 452 4
21 453 2
21 457 1
21 473 3
21 547 2
21 551 3
21 558 5
21 559 1
21 561 1
21 563 2
21 564 3
21 565 3
21 567 2
21 569 3
21 573 2
21 590 1
21 591 3
21 595 3
21 596 3
21 628 3
21 635 4
21 637 4
21 656 5
21 665 3
21 668 1
21 669 1
21 670 3
21 671 5
21 674 2
21 675 5
21 678 2
21 680 1
21 687 2
21 688 1
21 696 2
21 706 2
21 717 1
21 741 3
21 742 3
21 748 1
21 758 1
21 760 1
21 767 1
21 769 1
21 773 3
21 774 2
21 800 1
21 816 1
21 817 3
21 820 3
21 834 1
21 839 1
21 844 4
21 853 5
21 854 5
21 859 2
21 860 2
21 872 2
21 874 2
21 875 4
21 878 2
21 925 2
21 928 3
21 930 1
21 931 2
21 948 1
21 974 3
21 975 3
21 976 1
21 977 2
21 978 1
21 979 2
21 981 2
21 982 1
21 983 2
21 984 1
21 985 2
21 988 1
21 989 3
21 992 2
21 993 4
21 994 2
21 995 2
22 2 2
22 4 5
22 17 4
22 21 4
22 24 5
22 29 1
22 53 3
22 62 4
22 79 4
22 80 4
22 85 5
22 89 5
22 94 3
22 96 5
22 105 1
22 109 4
22 110 1
22 117 4
22 118 4
22 121 3
22 127 5
22 128 5
22 144 5
22 153 5
22 154 4
22 161 4
22 163 1
22 167 3
22 168 5
22 172 4
22 173 5
22 175 4
22 176 5
22 181 5
22 184 5
22 186 5
22 187 5
22 194 5
22 195 4
22 201 4
22 202 5
22 204 5
22 208 5
22 210 3
22 211 3
22 216 4
22 222 4
22 226 4
22 227 4
22 228 4
22 229 2
22 230 4
22 231 2
22 238 5
22 241 3
22 258 5
22 290 5
22 294 1
22 358 5
22 367 1
22 376 3
22 377 1
22 384 3
22 386 3
22 393 4
22 399 4
22 403 5
22 407 3
22 411 1
22 430 4
22 431 4
22 433 3
22 435 5
22 449 1
22 451 4
22 455 5
22 456 1
22 502 4
22 510 5
22 511 4
22 515 5
22 523 5
22 546 3
22 550 5
22 554 1
22 566 3
22 568 4
22 636 3
22 648 4
22 651 4
22 665 1
22 683 1
22 684 3
22 687 1
22 688 1
22 692 4
22 712 4
22 732 4
22 780 1
22 791 1
22 840 4
22 862 1
22 871 3
22 878 1
22 926 1
22 932 1
22 948 1
22 988 1
22 996 1
22 997 1
22 999 4
22 1000 3
23 1 5
23 7 4
23 8 4
23 13 4
23 14 4
23 19 4
23 28 3
23 32 3
23 50 4
23 55 4
23 62 3
23 70 2
23 71 3
23 79 4
23 82 3
23 83 4
23 88 3
23 90 2
23 91 4
23 95 4
23 96 4
23 98 5
23 99 4
23 100 5
23 102 3
23 109 3
23 124 5
23 131 4
23 132 4
23 133 4
23 134 4
23 143 3
23 144 3
23 145 3
23 151 3
23 153 4
23 155 3
23 156 3
23 161 2
23 162 3
23 170 4
23 171 5
23 172 4
23 174 4
23 175 5
23 177 4
23 183 3
23 185 4
23 188 3
23 189 5
23 191 3
23 194 4
23 195 4
23 196 2
23 202 3
23 203 4
23 204 3
23 209 5
23 211 4
23 213 3
23 214 3
23 215 2
23 216 4
23 217 2
23 219 1
23 222 4
23 224 5
23 228 4
23 229 3
23 230 4
23 234 2
23 235 1
23 238 5
23 250 4
23 257 3
23 258 5
23 269 5
23 275 5
23 283 4
23 294 1
23 315 3
23 323 2
23 357 3
23 367 4
23 380 5
23 381 4
23 385 4
23 386 4
23 404 4
23 405 4
23 408 5
23 414 3
23 418 4
23 419 3
23 421 5
23 427 5
23 432 4
23 433 5
23 463 4
23 472 2
23 479 5
23 483 4
23 504 4
23 511 5
23 512 5
23 516 4
23 518 5
23 522 4
23 526 3
23 527 4
23 528 4
23 530 4
23 541 4
23 546 3
23 549 3
23 588 4
23 597 3
23 629 4
23 652 4
23 655 3
23 662 3
23 694 4
23 705 4
23 710 4
23 713 4
23 739 2
23 747 3
23 780 1
23 856 4
23 961 5
24 8 5
24 9 5
24 11 5
24 12 5
24 25 4
24 41 5
24 55 5
24 56 4
24 64 5
24 69 5
24 71 5
24 79 4
24 92 5
24 98 5
24 100 5
24 109 3
24 117 4
24 127 5
24 129 3
24 132 3
24 153 4
24 173 5
24 176 5
24 178 5
24 180 5
24 191 5
24 200 5
24 216 4
24 237 4
24 238 5
24 249 4
24 258 4
24 275 5
24 286 5
24 288 3
24 289 3
24 294 3
24 300 4
24 318 5
24 357 5
24 358 3
24 367 2
24 372 4
24 402 4
24 421 5
24 427 5
24 475 4
24 477 5
24 486 3
24 508 4
24 582 4
24 662 5
24 727 3
24 729 5
24 742 4
24 763 5
24 919 3
25 1 5
25 8 4
25 13 4
25 23 4
25 25 5
25 50 5
25 98 5
25 114 5
25 116 4
25 127 3
25 131 4
25 135 3
25 141 4
25 143 3
25 151 4
25 169 5
25 173 4
25 174 5
25 181 5
25 183 4
25 186 4
25 189 5
25 195 4
25 197 3
25 208 4
25 222 4
25 228 4
25 238 4
25 239 4
25 257 4
25 258 5
25 265 4
25 269 4
25 275 4
25 357 4
25 404 3
25 427 4
25 430 4
25 432 2
25 455 4
25 463 4
25 474 4
25 477 4
25 478 5
25 479 5
25 480 4
25 495 4
25 498 4
25 501 3
25 520 3
25 568 4
25 604 4
25 615 5
25 633 4
25 655 4
25 729 4
25 742 4
25 837 4
25 929 4
25 968 4
25 969 3
26 1 3
26 7 3
26 9 4
26 13 3
26 14 3
26 15 4
26 24 3
26 25 3
26 50 4
26 100 5
26 109 3
26 111 3
26 116 2
26 117 3
26 118 3
26 121 3
26 125 4
26 126 4
26 127 5
26 129 4
26 148 3
26 150 3
26 151 3
26 181 4
26 222 3
26 235 2
26 237 3
26 240 3
26 246 4
26 249 2
26 250 3
26 252 3
26 255 3
26 257 3
26 258 3
26 269 4
26 274 3
26 276 4
26 283 3
26 286 3
26 292 3
26 294 3
26 298 3
26 300 4
26 302 5
26 304 4
26 313 5
26 315 3
26 316 3
26 321 3
26 322 3
26 333 3
26 343 3
26 369 2
26 405 2
26 410 2
26 413 2
26 455 3
26 456 1
26 458 3
26 475 3
26 476 3
26 508 3
26 546 2
26 591 3
26 597 2
26 628 3
26 678 2
26 685 3
26 742 3
26 748 1
26 750 4
26 815 2
26 831 2
26 840 2
26 841 2
26 864 2
26 871 2
26 926 2
26 930 2
26 979 3
27 9 4
27 50 3
27 100 5
27 118 3
27 121 4
27 148 3
27 244 3
27 246 4
27 281 3
27 286 3
27 288 3
27 295 3
27 298 4
27 325 2
27 370 4
27 475 2
27 508 3
27 515 4
27 596 2
27 742 3
27 925 3
27 978 2
28 7 5
28 11 4
28 12 4
28 28 4
28 50 4
28 56 5
28 70 4
28 79 4
28 89 4
28 95 3
28 98 5
28 100 5
28 117 4
28 143 4
28 145 3
28 153 3
28 164 4
28 173 3
28 174 5
28 176 5
28 184 4
28 185 5
28 195 4
28 200 2
28 201 3
28 209 4
28 217 3
28 218 3
28 222 5
28 223 5
28 227 4
28 228 5
28 229 2
28 230 4
28 234 4
28 258 5
28 271 4
28 282 4
28 286 3
28 288 5
28 294 3
28 322 2
28 323 3
28 332 2
28 380 4
28 423 2
28 429 5
28 436 5
28 441 2
28 443 4
28 447 3
28 449 2
28 450 1
28 479 4
28 480 5
28 568 4
28 573 4
28 609 3
28 646 4
28 665 3
28 670 4
28 678 2
28 760 3
28 800 4
28 859 3
28 895 4
29 12 5
29 79 4
29 98 4
29 182 4
29 189 4
29 245 3
29 259 4
29 264 3
29 268 5
29 269 4
29 270 4
29 286 5
29 294 4
29 300 3
29 302 4
29 312 4
29 326 2
29 332 4
29 343 3
29 358 2
29 480 4
29 539 2
29 661 5
29 678 3
29 689 2
29 748 2
29 874 4
29 879 3
30 2 3
30 7 4
30 28 4
30 50 3
30 82 4
30 161 4
30 172 4
30 174 5
30 181 4
30 231 2
30 242 5
30 252 3
30 255 4
30 257 4
30 258 5
30 259 4
30 286 5
30 289 2
30 294 4
30 301 4
30 304 4
30 313 5
30 315 4
30 321 4
30 435 5
30 531 5
30 538 4
30 539 3
30 678 2
30 683 3
30 688 3
30 873 1
30 892 4
31 32 5
31 79 2
31 124 4
31 135 4
31 136 5
31 153 4
31 175 5
31 262 5
31 268 3
31 271 4
31 299 4
31 302 4
31 303 3
31 306 3
31 319 4
31 321 4
31 328 2
31 340 3
31 484 5
31 490 4
31 493 5
31 498 4
31 504 5
31 514 5
31 682 2
31 705 5
31 811 4
31 875 4
31 886 2
32 7 4
32 9 3
32 100 3
32 111 3
32 117 3
32 118 3
32 122 2
32 151 3
32 222 3
32 235 3
32 240 2
32 245 2
32 246 4
32 248 4
32 249 4
32 250 4
32 257 4
32 259 2
32 268 5
32 271 3
32 276 4
32 288 4
32 290 3
32 294 3
32 298 5
32 307 2
32 313 4
32 405 4
32 475 5
32 508 4
32 591 3
32 742 3
32 866 3
33 245 3
33 258 4
33 260 4
33 271 4
33 292 4
33 294 3
33 307 3
33 313 5
33 323 4
33 328 4
33 329 4
33 333 4
33 339 3
33 343 4
33 348 4
33 678 4
33 682 4
33 751 4
33 872 3
33 879 3
33 895 3
34 242 5
34 245 4
34 259 2
34 286 5
34 292 5
34 294 1
34 299 5
34 310 4
34 312 4
34 324 5
34 329 5
34 332 5
34 690 4
34 990 5
35 242 2
35 243 2
35 258 2
35 259 4
35 261 3
35 322 3
35 326 3
35 327 3
35 328 3
35 332 4
35 333 4
35 358 1
35 678 3
35 680 4
35 748 4
35 876 2
35 877 2
35 879 4
35 881 2
35 937 4
36 268 2
36 269 3
36 288 4
36 289 2
36 307 4
36 310 4
36 319 2
36 333 4
36 339 5
36 358 5
36 682 1
36 748 4
36 873 3
36 875 3
36 878 5
36 882 5
36 883 5
36 885 5
37 11 4
37 22 5
37 24 4
37 27 4
37 50 5
37 55 3
37 56 5
37 68 5
37 79 4
37 82 1
37 89 4
37 92 4
37 96 4
37 117 4
37 118 2
37 127 4
37 147 3
37 161 5
37 172 4
37 174 5
37 176 4
37 183 4
37 195 5
37 222 3
37 230 4
37 231 2
37 265 4
37 273 3
37 288 4
37 363 3
37 385 4
37 403 5
37 405 4
37 540 2
37 546 3
37 550 4
37 566 4
37 597 5
37 665 3
37 685 3
37 825 2
37 827 3
37 833 4
37 841 3
37 930 3
37 948 4
38 1 5
38 22 5
38 28 4
38 67 4
38 69 5
38 70 5
38 71 5
38 78 5
38 79 3
38 82 5
38 84 5
38 88 5
38 94 5
38 95 5
38 97 5
38 99 5
38 105 3
38 112 5
38 118 5
38 122 1
38 127 2
38 133 2
38 139 2
38 140 5
38 144 5
38 145 1
38 153 5
38 155 5
38 161 5
38 188 2
38 200 5
38 202 2
38 211 1
38 216 5
38 218 3
38 225 5
38 226 1
38 234 5
38 243 3
38 247 5
38 252 5
38 257 1
38 259 3
38 288 5
38 313 5
38 318 3
38 326 5
38 328 4
38 356 2
38 383 2
38 384 5
38 389 5
38 392 5
38 393 5
38 395 3
38 400 1
38 401 3
38 402 5
38 403 1
38 404 5
38 405 5
38 409 5
38 410 3
38 411 3
38 418 5
38 419 5
38 423 5
38 424 3
38 432 1
38 444 1
38 445 2
38 450 1
38 452 5
38 465 5
38 501 5
38 508 2
38 526 1
38 550 2
38 573 1
38 588 5
38 590 1
38 616 3
38 672 3
38 679 5
38 681 5
38 717 1
38 720 5
38 742 5
38 758 1
38 780 4
38 838 2
38 916 5
39 258 4
39 269 4
39 270 4
39 272 2
39 294 4
39 300 3
39 306 3
39 307 2
39 313 4
39 315 4
39 333 4
39 339 3
39 345 3
39 347 4
39 352 5
39 748 5
39 900 3
39 937 5
40 242 4
40 243 2
40 245 3
40 258 3
40 259 2
40 268 4
40 269 1
40 270 3
40 271 2
40 272 2
40 286 2
40 294 4
40 300 3
40 303 4
40 305 4
40 310 3
40 316 3
40 321 4
40 328 3
40 333 4
40 337 4
40 340 2
40 345 4
40 347 2
40 358 3
40 750 3
40 754 4
40 876 3
40 879 2
40 880 3
40 896 4
41 1 4
41 28 4
41 31 3
41 56 4
41 58 3
41 69 4
41 97 3
41 98 4
41 100 4
41 153 4
41 168 5
41 170 4
41 174 4
41 175 5
41 181 4
41 188 4
41 195 4
41 196 3
41 202 2
41 209 4
41 216 3
41 238 5
41 265 3
41 276 2
41 286 4
41 289 2
41 313 3
41 318 4
41 357 4
41 414 4
41 423 2
41 430 5
41 435 3
41 474 5
41 486 4
41 516 5
41 518 3
41 746 3
41 751 4
42 1 5
42 12 4
42 15 4
42 25 3
42 28 5
42 38 3
42 43 2
42 44 3
42 48 5
42 50 5
42 54 4
42 58 5
42 63 4
42 64 5
42 66 4
42 69 4
42 70 3
42 71 4
42 72 3
42 77 5
42 79 5
42 82 4
42 83 4
42 86 3
42 88 5
42 95 5
42 96 5
42 97 3
42 98 4
42 99 5
42 102 5
42 118 4
42 121 4
42 125 4
42 131 2
42 135 4
42 142 4
42 143 4
42 151 4
42 161 4
42 172 5
42 173 5
42 175 2
42 176 3
42 183 4
42 185 4
42 194 5
42 195 5
42 196 5
42 202 5
42 203 4
42 204 5
42 210 5
42 211 4
42 215 5
42 216 5
42 219 1
42 222 4
42 227 4
42 228 4
42 229 4
42 230 5
42 234 4
42 237 4
42 239 5
42 265 3
42 273 3
42 274 5
42 276 1
42 280 4
42 281 3
42 283 3
42 284 3
42 290 3
42 294 4
42 318 5
42 357 5
42 367 2
42 369 4
42 371 4
42 380 4
42 385 5
42 387 3
42 402 5
42 403 3
42 404 5
42 405 4
42 409 3
42 410 3
42 413 1
42 418 5
42 419 5
42 423 5
42 427 4
42 428 3
42 432 3
42 443 3
42 451 2
42 456 3
42 462 2
42 467 3
42 468 4
42 469 4
42 471 4
42 479 4
42 491 3
42 496 5
42 501 5
42 506 3
42 521 2
42 523 5
42 546 3
42 559 2
42 566 5
42 568 4
42 582 3
42 588 5
42 603 4
42 606 3
42 625 3
42 627 2
42 660 3
42 679 2
42 684 4
42 685 4
42 692 4
42 720 4
42 729 3
42 732 5
42 736 5
42 742 4
42 746 3
42 756 5
42 781 4
42 785 4
42 794 3
42 834 1
42 845 5
42 866 4
42 924 3
42 925 4
42 926 3
42 934 4
42 939 4
42 941 4
42 953 2
42 977 2
42 999 4
43 1 5
43 3 2
43 5 4
43 7 4
43 8 4
43 9 4
43 11 5
43 12 5
43 14 2
43 15 5
43 17 3
43 25 5
43 26 5
43 28 4
43 40 3
43 47 1
43 49 4
43 50 4
43 51 1
43 52 4
43 54 3
43 56 5
43 58 3
43 63 3
43 64 5
43 66 4
43 69 4
43 70 4
43 71 4
43 77 3
43 79 4
43 82 4
43 86 4
43 88 5
43 91 3
43 95 4
43 97 5
43 98 5
43 111 4
43 114 5
43 117 4
43 118 4
43 120 4
43 121 4
43 122 2
43 124 4
43 131 3
43 133 4
43 137 4
43 140 4
43 151 4
43 153 5
43 155 4
43 161 4
43 168 4
43 169 5
43 172 4
43 173 5
43 174 4
43 175 2
43 181 4
43 186 3
43 189 5
43 191 5
43 196 4
43 203 4
43 204 4
43 210 5
43 211 4
43 215 5
43 216 5
43 217 2
43 222 4
43 225 2
43 231 4
43 235 3
43 237 4
43 238 2
43 241 4
43 248 4
43 250 2
43 252 4
43 258 5
43 269 5
43 271 3
43 272 5
43 275 4
43 276 4
43 278 3
43 280 3
43 283 2
43 284 5
43 285 4
43 286 4
43 289 4
43 290 4
43 291 3
43 294 5
43 298 4
43 300 5
43 301 5
43 302 4
43 312 4
43 313 5
43 315 4
43 316 5
43 317 2
43 318 5
43 321 3
43 323 3
43 328 4
43 336 4
43 347 3
43 354 4
43 367 4
43 371 4
43 382 5
43 385 5
43 393 4
43 402 4
43 403 4
43 405 4
43 408 5
43 409 3
43 411 3
43 418 4
43 423 4
43 432 3
43 471 3
43 473 3
43 479 4
43 482 4
43 486 4
43 491 4
43 496 5
43 498 5
43 501 4
43 516 5
43 531 4
43 539 3
43 542 3
43 546 4
43 550 3
43 553 4
43 559 1
43 566 3
43 568 4
43 581 3
43 588 4
43 596 3
43 597 3
43 625 4
43 628 3
43 631 2
43 648 5
43 660 4
43 684 4
43 686 3
43 692 5
43 699 4
43 705 4
43 724 4
43 729 4
43 732 4
43 735 4
43 742 5
43 747 4
43 751 2
43 756 3
43 778 5
43 781 3
43 785 3
43 792 1
43 815 4
43 820 2
43 847 5
43 866 4
43 879 4
43 926 2
43 931 1
43 939 3
43 944 2
43 946 4
43 950 3
43 951 3
43 956 1
43 966 4
43 969 5
43 993 3
44 1 4
44 5 4
44 7 5
44 9 5
44 11 3
44 15 4
44 21 2
44 24 3
44 25 2
44 55 4
44 56 2
44 64 5
44 67 3
44 69 4
44 71 3
44 81 4
44 82 4
44 88 2
44 89 5
44 90 2
44 91 2
44 95 4
44 96 4
44 98 2
44 99 4
44 100 5
44 102 2
44 106 2
44 109 3
44 118 3
44 120 4
44 121 4
44 123 4
44 132 4
44 133 4
44 135 5
44 143 4
44 144 4
44 147 4
44 148 4
44 153 4
44 155 3
44 159 3
44 161 4
44 163 4
44 164 4
44 168 5
44 174 5
44 176 5
44 185 4
44 191 4
44 193 3
44 194 5
44 195 5
44 196 4
44 197 4
44 200 4
44 202 4
44 204 4
44 208 4
44 209 5
44 211 4
44 214 5
44 216 1
44 222 4
44 227 4
44 228 5
44 229 3
44 230 2
44 231 2
44 237 3
44 238 4
44 240 4
44 245 4
44 249 4
44 250 5
44 252 2
44 257 4
44 258 4
44 260 4
44 274 4
44 294 4
44 298 2
44 313 4
44 317 4
44 357 4
44 378 3
44 380 4
44 385 3
44 405 3
44 412 1
44 423 4
44 427 3
44 429 4
44 433 4
44 434 4
44 443 5
44 447 4
44 448 2
44 449 5
44 450 2
44 470 3
44 474 4
44 480 4
44 496 4
44 507 3
44 530 5
44 542 3
44 553 3
44 588 4
44 591 4
44 603 4
44 631 1
44 636 4
44 644 3
44 655 3
44 660 5
44 665 1
44 678 3
44 717 3
44 737 1
44 755 3
44 756 3
44 871 3
44 946 3
45 1 5
45 7 3
45 13 5
45 15 4
45 21 3
45 25 4
45 50 5
45 100 5
45 108 4
45 109 5
45 111 4
45 118 4
45 121 4
45 127 5
45 151 2
45 225 4
45 237 4
45 257 5
45 276 5
45 282 4
45 288 3
45 411 3
45 472 3
45 473 3
45 476 3
45 596 3
45 597 3
45 756 2
45 762 4
45 763 2
45 820 4
45 823 4
45 926 3
45 934 2
45 952 4
46 7 4
46 50 4
46 100 4
46 125 4
46 127 5
46 151 4
46 181 4
46 245 3
46 288 2
46 294 2
46 300 3
46 305 5
46 307 3
46 313 5
46 327 4
46 328 4
46 333 5
46 538 3
46 690 5
46 909 5
47 258 4
47 268 4
47 269 4
47 288 2
47 289 4
47 292 4
47 301 4
47 302 5
47 306 4
47 321 4
47 322 2
47 323 2
47 324 3
47 327 4
47 340 5
47 683 3
47 874 3
47 995 3
48 28 2
48 50 4
48 56 3
48 71 3
48 98 5
48 132 5
48 136 4
48 170 4
48 172 5
48 174 5
48 181 5
48 183 5
48 185 4
48 187 5
48 191 5
48 194 4
48 195 5
48 202 4
48 209 5
48 210 3
48 215 4
48 228 3
48 259 4
48 266 3
48 269 1
48 286 3
48 289 1
48 294 3
48 306 4
48 308 5
48 309 3
48 357 5
48 423 4
48 425 3
48 427 4
48 433 3
48 479 4
48 480 4
48 483 5
48 496 5
48 511 5
48 519 3
48 522 2
48 523 5
48 524 3
48 527 4
48 528 5
48 529 4
48 603 4
48 609 4
48 647 4
48 654 5
48 656 4
48 661 5
48 680 3
48 690 4
48 988 2
49 1 2
49 3 3
49 7 4
49 8 3
49 10 3
49 11 3
49 13 3
49 17 2
49 25 2
49 38 1
49 39 2
49 40 1
49 42 4
49 47 5
49 49 2
49 50 1
49 52 2
49 53 4
49 55 4
49 56 5
49 57 4
49 68 1
49 70 2
49 71 3
49 72 2
49 77 1
49 80 1
49 82 1
49 85 3
49 90 1
49 91 5
49 93 5
49 95 2
49 96 1
49 98 4
49 100 4
49 101 3
49 102 2
49 108 2
49 111 2
49 116 4
49 117 1
49 122 2
49 123 1
49 129 2
49 143 3
49 145 1
49 148 1
49 151 5
49 159 2
49 161 1
49 168 5
49 171 4
49 172 1
49 173 3
49 175 5
49 179 5
49 181 1
49 182 3
49 185 5
49 202 3
49 204 1
49 209 5
49 213 3
49 217 3
49 218 2
49 219 1
49 231 3
49 238 4
49 239 2
49 240 3
49 258 2
49 262 5
49 268 3
49 270 2
49 287 4
49 290 2
49 294 1
49 299 2
49 302 4
49 312 3
49 313 3
49 320 5
49 324 4
49 325 3
49 328 2
49 334 4
49 343 2
49 346 4
49 347 3
49 358 1
49 369 1
49 372 4
49 382 2
49 385 1
49 386 4
49 396 4
49 401 2
49 403 3
49 406 2
49 413 1
49 418 3
49 419 4
49 420 4
49 423 2
49 428 5
49 432 5
49 433 5
49 455 1
49 462 2
49 473 3
49 476 1
49 501 3
49 508 3
49 514 4
49 518 4
49 531 3
49 542 2
49 546 1
49 547 5
49 557 3
49 559 2
49 561 2
49 569 3
49 581 3
49 583 4
49 588 4
49 590 1
49 594 3
49 625 3
49 627 2
49 628 4
49 640 1
49 657 5
49 692 1
49 695 3
49 698 2
49 713 3
49 721 2
49 725 2
49 732 3
49 737 1
49 738 3
49 741 4
49 758 1
49 774 2
49 821 1
49 878 2
49 919 5
49 926 1
49 928 2
49 931 2
49 946 2
49 959 2
49 995 3
49 997 1
49 998 2
50 9 4
50 15 2
50 123 4
50 124 1
50 125 2
50 246 3
50 253 5
50 268 4
50 276 2
50 286 2
50 288 4
50 319 5
50 324 5
50 325 1
50 327 3
50 475 5
50 508 5
50 544 4
50 547 4
50 823 3
51 50 5
51 64 4
51 83 5
51 132 4
51 134 2
51 136 4
51 144 5
51 148 3
51 172 5
51 173 5
51 181 5
51 182 3
51 184 3
51 203 4
51 210 4
51 479 3
51 485 1
51 496 4
51 603 3
51 655 3
51 679 3
52 13 5
52 15 5
52 19 5
52 22 5
52 25 5
52 93 4
52 95 4
52 100 4
52 107 4
52 111 4
52 116 4
52 117 4
52 121 4
52 126 5
52 151 5
52 204 4
52 235 2
52 237 4
52 250 3
52 257 3
52 258 5
52 275 4
52 280 3
52 285 5
52 287 5
52 302 4
52 318 5
52 405 4
52 427 5
52 463 5
52 471 4
52 473 4
52 475 4
52 498 5
52 527 5
52 531 5
52 588 4
52 657 5
52 741 4
52 742 4
52 748 4
52 762 3
52 815 4
52 845 5
52 864 3
52 919 5
53 7 3
53 24 3
53 25 4
53 50 4
53 64 5
53 96 4
53 100 5
53 118 4
53 121 4
53 151 4
53 156 4
53 174 5
53 181 4
53 199 5
53 228 3
53 250 2
53 257 4
53 258 4
53 281 4
53 284 2
53 546 4
53 568 4
53 628 5
53 748 2
53 845 3
53 924 3
54 1 4
54 7 4
54 24 1
54 25 4
54 50 5
54 100 5
54 106 3
54 117 5
54 118 4
54 121 4
54 127 4
54 147 5
54 151 2
54 181 5
54 237 4
54 240 4
54 245 4
54 252 3
54 255 3
54 257 4
54 258 4
54 260 4
54 268 5
54 272 5
54 273 4
54 276 5
54 288 4
54 291 1
54 295 3
54 298 4
54 302 4
54 307 4
54 313 4
54 325 3
54 327 5
54 328 4
54 333 5
54 338 3
54 340 4
54 346 4
54 406 2
54 411 5
54 471 4
54 475 5
54 546 3
54 595 3
54 597 2
54 676 5
54 685 3
54 741 5
54 742 5
54 748 5
54 820 3
54 827 3
54 829 2
54 871 5
54 930 1
55 22 5
55 50 4
55 56 4
55 79 5
55 89 5
55 117 3
55 118 5
55 121 3
55 144 5
55 181 4
55 254 2
55 257 3
55 273 5
55 405 1
55 597 2
55 678 3
55 685 1
56 1 4
56 7 5
56 11 4
56 22 5
56 25 4
56 29 3
56 31 4
56 38 2
56 42 4
56 44 4
56 50 5
56 51 3
56 53 3
56 56 5
56 62 5
56 63 3
56 64 5
56 67 2
56 68 3
56 69 4
56 70 4
56 71 4
56 73 4
56 77 3
56 78 3
56 79 4
56 82 4
56 87 4
56 88 1
56 89 4
56 90 2
56 91 4
56 94 4
56 95 4
56 96 5
56 97 3
56 98 4
56 111 2
56 114 4
56 117 5
56 118 4
56 121 5
56 122 2
56 143 3
56 144 5
56 151 4
56 153 4
56 154 2
56 158 3
56 161 4
56 164 4
56 168 2
56 169 4
56 172 5
56 173 4
56 174 5
56 176 5
56 179 3
56 181 5
56 183 5
56 184 4
56 186 3
56 189 4
56 191 4
56 194 5
56 195 5
56 196 2
56 200 4
56 201 4
56 202 4
56 204 5
56 210 5
56 215 5
56 216 4
56 219 5
56 222 5
56 226 4
56 227 3
56 228 3
56 229 3
56 230 5
56 231 3
56 232 4
56 233 1
56 234 4
56 235 1
56 237 5
56 239 4
56 258 4
56 265 4
56 280 4
56 294 4
56 300 4
56 323 3
56 368 3
56 372 3
56 373 4
56 376 3
56 383 2
56 385 4
56 386 3
56 391 3
56 392 4
56 395 3
56 399 4
56 402 5
56 403 4
56 408 4
56 410 4
56 421 4
56 423 5
56 426 4
56 432 5
56 433 4
56 435 3
56 441 4
56 443 4
56 447 4
56 449 5
56 450 3
56 451 3
56 473 2
56 483 4
56 501 3
56 523 4
56 546 3
56 550 4
56 554 4
56 568 4
56 578 3
56 585 3
56 588 4
56 596 4
56 597 3
56 623 3
56 655 4
56 692 4
56 715 1
56 720 3
56 728 3
56 732 4
56 735 2
56 738 3
56 746 4
56 747 4
56 755 3
56 761 3
56 769 4
56 778 4
56 781 4
56 794 3
56 797 4
56 815 4
56 820 3
56 849 2
56 862 3
56 869 3
56 946 4
56 969 3
56 993 3
57 7 4
57 8 4
57 11 3
57 24 3
57 28 4
57 42 5
57 56 3
57 64 5
57 79 5
57 100 5
57 105 3
57 109 4
57 111 4
57 117 4
57 125 3
57 126 3
57 151 3
57 173 5
57 181 5
57 194 4
57 199 5
57 204 4
57 222 5
57 225 3
57 237 4
57 240 2
57 243 3
57 245 4
57 248 5
57 249 5
57 250 3
57 252 2
57 258 5
57 264 2
57 271 3
57 281 4
57 282 5
57 284 3
57 288 4
57 294 4
57 295 5
57 298 3
57 304 5
57 318 5
57 321 4
57 405 4
57 409 4
57 410 3
57 411 4
57 419 3
57 456 3
57 471 4
57 472 1
57 473 3
57 475 2
57 476 3
57 496 4
57 546 4
57 588 4
57 597 3
57 678 3
57 682 3
57 710 3
57 744 5
57 748 4
57 756 3
57 760 2
57 763 5
57 820 3
57 825 1
57 826 2
57 831 1
57 833 4
57 844 2
57 864 3
57 866 3
57 871 3
57 926 3
57 930 2
57 932 3
57 975 3
58 8 4
58 9 4
58 11 5
58 12 5
58 13 3
58 20 1
58 25 4
58 32 5
58 42 4
58 45 5
58 50 4
58 61 5
58 64 5
58 69 1
58 70 4
58 89 3
58 98 4
58 100 5
58 109 4
58 111 4
58 116 5
58 120 2
58 123 4
58 124 5
58 127 4
58 135 4
58 144 4
58 150 4
58 151 3
58 153 5
58 156 5
58 169 4
58 171 5
58 172 5
58 173 5
58 175 5
58 176 4
58 181 3
58 182 4
58 185 2
58 189 3
58 193 3
58 194 3
58 195 4
58 198 3
58 199 4
58 204 4
58 209 5
58 210 4
58 213 5
58 214 2
58 216 3
58 222 4
58 228 5
58 237 4
58 240 4
58 246 5
58 248 4
58 249 4
58 255 4
58 257 5
58 268 5
58 269 4
58 272 5
58 275 5
58 283 1
58 284 4
58 300 4
58 310 4
58 311 4
58 313 5
58 318 3
58 340 4
58 347 3
58 367 5
58 381 4
58 405 2
58 408 5
58 425 5
58 433 5
58 462 4
58 463 3
58 474 4
58 475 5
58 480 3
58 483 5
58 490 4
58 496 2
58 497 2
58 501 2
58 511 5
58 512 3
58 514 5
58 546 2
58 558 5
58 568 4
58 603 5
58 640 5
58 645 5
58 651 4
58 652 5
58 654 5
58 655 5
58 663 2
58 684 4
58 692 2
58 709 5
58 732 3
58 741 2
58 773 4
58 813 5
58 850 5
58 923 5
58 950 1
58 955 4
58 960 4
59 1 2
59 3 4
59 7 4
59 9 4
59 10 4
59 11 5
59 12 5
59 13 5
59 14 5
59 15 5
59 18 4
59 22 4
59 23 5
59 25 4
59 32 4
59 33 3
59 39 4
59 44 4
59 45 5
59 47 5
59 48 5
59 50 5
59 51 5
59 52 4
59 54 4
59 55 5
59 56 5
59 58 4
59 59 5
59 61 4
59 64 5
59 65 4
59 69 5
59 70 3
59 71 3
59 77 4
59 79 5
59 82 5
59 83 4
59 87 4
59 89 5
59 92 5
59 95 2
59 96 5
59 97 5
59 98 5
59 99 4
59 100 5
59 101 5
59 102 2
59 106 4
59 109 4
59 111 4
59 118 5
59 121 4
59 123 3
59 125 3
59 126 5
59 127 5
59 131 4
59 132 5
59 133 3
59 134 5
59 135 5
59 136 3
59 137 5
59 140 1
59 141 4
59 142 1
59 147 5
59 148 3
59 149 4
59 151 5
59 161 3
59 168 5
59 169 4
59 170 4
59 172 5
59 173 5
59 174 5
59 175 4
59 176 5
59 177 4
59 179 5
59 180 4
59 181 5
59 183 5
59 184 4
59 185 5
59 186 5
59 187 5
59 188 4
59 190 5
59 191 4
59 194 3
59 195 5
59 196 5
59 197 5
59 198 5
59 199 4
59 200 5
59 201 4
59 202 4
59 203 4
59 204 5
59 205 3
59 208 5
59 209 5
59 210 4
59 211 5
59 212 4
59 215 5
59 216 4
59 218 5
59 220 2
59 226 4
59 227 3
59 228 4
59 229 3
59 230 4
59 232 3
59 234 5
59 235 1
59 237 3
59 238 5
59 240 2
59 241 4
59 258 3
59 265 4
59 274 1
59 276 5
59 277 4
59 284 2
59 286 3
59 287 5
59 288 5
59 290 3
59 313 5
59 318 5
59 321 4
59 323 4
59 357 5
59 367 4
59 369 2
59 371 4
59 381 5
59 382 4
59 385 4
59 387 3
59 393 2
59 402 4
59 403 5
59 404 3
59 405 3
59 410 3
59 416 3
59 418 2
59 419 2
59 421 5
59 423 5
59 425 4
59 427 5
59 428 5
59 429 4
59 430 5
59 431 4
59 432 4
59 433 5
59 435 5
59 436 5
59 443 5
59 447 5
59 448 4
59 451 5
59 458 4
59 462 5
59 465 2
59 466 4
59 468 3
59 470 3
59 472 3
59 473 3
59 474 5
59 476 2
59 477 3
59 479 5
59 480 5
59 483 5
59 484 4
59 485 2
59 488 3
59 489 4
59 490 4
59 491 4
59 496 4
59 498 5
59 501 1
59 503 4
59 504 5
59 506 5
59 508 5
59 510 4
59 511 5
59 513 4
59 514 5
59 516 4
59 521 5
59 523 4
59 527 5
59 528 4
59 529 4
59 547 3
59 549 4
59 550 5
59 559 5
59 562 4
59 564 2
59 566 4
59 568 5
59 569 4
59 570 4
59 581 5
59 582 4
59 583 5
59 584 4
59 588 2
59 591 4
59 595 3
59 597 2
59 604 3
59 606 4
59 609 2
59 610 4
59 611 3
59 612 3
59 615 4
59 616 5
59 618 4
59 622 4
59 625 3
59 633 3
59 640 5
59 642 5
59 644 4
59 647 5
59 649 4
59 650 5
59 651 5
59 654 4
59 655 5
59 657 4
59 659 3
59 660 4
59 662 3
59 663 4
59 664 4
59 670 4
59 672 5
59 673 5
59 675 5
59 679 4
59 684 3
59 687 1
59 692 3
59 699 4
59 702 5
59 705 4
59 707 3
59 708 4
59 709 5
59 710 3
59 713 5
59 715 5
59 717 2
59 724 5
59 729 4
59 732 3
59 735 5
59 736 5
59 739 4
59 741 4
59 742 3
59 746 5
59 747 4
59 755 4
59 756 2
59 760 2
59 762 4
59 764 4
59 770 4
59 774 2
59 781 4
59 789 4
59 792 4
59 823 5
59 825 4
59 845 5
59 846 4
59 855 4
59 866 3
59 871 2
59 900 4
59 919 4
59 926 1
59 928 4
59 931 2
59 951 3
59 963 5
59 972 4
59 974 3
59 975 4
60 7 5
60 8 3
60 9 5
60 12 4
60 13 4
60 21 3
60 23 4
60 28 5
60 30 5
60 47 4
60 50 5
60 56 4
60 59 5
60 60 5
60 61 4
60 64 4
60 69 4
60 70 4
60 71 3
60 73 4
60 77 4
60 79 4
60 82 3
60 88 4
60 89 5
60 95 4
60 96 4
60 97 3
60 98 4
60 121 4
60 128 3
60 131 4
60 132 4
60 134 4
60 136 4
60 138 2
60 143 3
60 144 4
60 151 5
60 152 4
60 153 3
60 160 4
60 161 4
60 162 4
60 163 4
60 166 4
60 168 5
60 172 4
60 173 4
60 174 4
60 176 4
60 178 5
60 179 4
60 180 4
60 181 4
60 183 5
60 185 4
60 186 4
60 194 4
60 195 4
60 197 4
60 199 5
60 200 4
60 204 4
60 205 4
60 207 3
60 208 5
60 209 5
60 210 4
60 211 4
60 212 5
60 215 4
60 216 4
60 218 4
60 222 4
60 225 3
60 227 4
60 229 4
60 230 4
60 234 4
60 265 5
60 272 4
60 275 4
60 286 5
60 327 4
60 357 4
60 366 4
60 378 4
60 385 4
60 393 4
60 403 3
60 404 3
60 405 4
60 411 3
60 416 4
60 417 4
60 418 3
60 420 4
60 427 5
60 429 5
60 430 5
60 433 4
60 434 5
60 435 4
60 443 4
60 445 5
60 474 5
60 478 3
60 479 5
60 480 4
60 482 4
60 484 5
60 485 4
60 489 5
60 490 4
60 491 4
60 492 5
60 493 5
60 494 4
60 495 3
60 498 5
60 499 3
60 501 3
60 502 4
60 505 4
60 506 5
60 507 4
60 508 4
60 510 5
60 511 4
60 513 5
60 514 4
60 515 5
60 517 4
60 523 4
60 524 4
60 525 5
60 528 4
60 529 4
60 546 4
60 558 4
60 582 4
60 593 5
60 602 4
60 604 4
60 605 3
60 606 4
60 608 5
60 609 3
60 613 4
60 615 5
60 616 3
60 617 4
60 618 3
60 629 3
60 633 4
60 637 4
60 638 5
60 641 5
60 650 4
60 656 4
60 659 4
60 660 4
60 661 4
60 665 4
60 671 4
60 673 4
60 675 4
60 684 4
60 699 4
60 705 4
60 708 4
60 729 4
60 735 5
60 736 5
60 745 5
60 751 2
60 755 4
60 799 4
60 810 4
60 835 4
60 842 4
61 243 2
61 258 4
61 269 3
61 271 1
61 300 5
61 304 4
61 323 3
61 327 2
61 328 5
61 331 2
61 333 3
61 342 2
61 347 5
61 678 3
61 690 2
61 748 2
62 1 2
62 3 3
62 4 4
62 8 5
62 9 4
62 12 4
62 13 4
62 14 4
62 20 4
62 21 3
62 24 4
62 28 3
62 33 1
62 44 3
62 47 4
62 50 5
62 53 2
62 55 5
62 56 5
62 59 4
62 62 3
62 65 4
62 68 1
62 69 4
62 70 3
62 71 4
62 78 2
62 81 4
62 82 4
62 83 5
62 86 2
62 89 5
62 91 4
62 96 4
62 97 2
62 98 4
62 100 4
62 111 3
62 114 4
62 118 2
62 121 4
62 125 4
62 127 4
62 128 2
62 129 3
62 132 5
62 135 4
62 138 1
62 144 3
62 147 3
62 153 4
62 155 1
62 157 3
62 159 3
62 162 4
62 164 5
62 168 5
62 170 3
62 171 4
62 173 5
62 174 4
62 176 5
62 179 4
62 180 4
62 181 4
62 182 5
62 183 4
62 188 3
62 195 5
62 196 4
62 199 4
62 209 4
62 210 4
62 213 4
62 216 4
62 222 5
62 225 3
62 227 1
62 228 3
62 229 3
62 230 2
62 232 3
62 235 4
62 238 5
62 241 1
62 245 2
62 249 2
62 250 5
62 252 3
62 257 2
62 258 5
62 270 2
62 271 1
62 273 4
62 281 3
62 283 4
62 286 3
62 288 2
62 290 3
62 294 1
62 298 4
62 302 3
62 306 4
62 318 5
62 328 3
62 357 4
62 365 2
62 380 5
62 382 3
62 387 2
62 401 3
62 402 3
62 403 4
62 405 3
62 421 5
62 423 3
62 431 2
62 433 5
62 436 3
62 443 3
62 448 2
62 462 2
62 463 4
62 464 4
62 472 2
62 473 4
62 474 4
62 475 4
62 483 4
62 498 4
62 508 4
62 512 4
62 514 3
62 521 5
62 527 4
62 541 3
62 554 1
62 559 3
62 568 3
62 569 1
62 582 4
62 597 2
62 605 3
62 651 4
62 652 4
62 655 3
62 660 4
62 664 4
62 665 2
62 676 3
62 685 2
62 697 4
62 699 4
62 702 2
62 704 2
62 708 3
62 710 3
62 712 4
62 715 2
62 716 4
62 723 2
62 729 3
62 742 2
62 744 3
62 763 1
62 774 1
62 815 3
62 827 2
62 845 3
62 856 4
62 866 2
62 875 4
62 921 2
62 949 4
62 952 3
62 955 4
62 959 4
63 1 3
63 3 2
63 6 3
63 13 4
63 15 3
63 20 3
63 25 4
63 50 4
63 79 3
63 100 5
63 106 2
63 108 2
63 109 4
63 111 3
63 116 5
63 126 3
63 150 4
63 222 3
63 224 4
63 225 2
63 237 3
63 242 3
63 246 3
63 250 5
63 251 4
63 255 4
63 258 3
63 259 3
63 268 3
63 277 4
63 282 1
63 284 3
63 286 4
63 287 3
63 288 3
63 289 2
63 300 4
63 301 5
63 302 3
63 306 3
63 321 3
63 323 1
63 325 2
63 328 2
63 333 4
63 405 4
63 408 4
63 412 3
63 473 2
63 475 4
63 480 3
63 508 4
63 546 2
63 591 3
63 596 2
63 676 3
63 678 2
63 713 3
63 741 3
63 748 4
63 762 3
63 813 5
63 828 1
63 841 1
63 924 3
63 929 3
63 948 3
63 952 3
63 979 3
64 1 4
64 2 3
64 4 3
64 7 4
64 8 4
64 9 4
64 11 4
64 12 5
64 17 3
64 22 4
64 31 4
64 32 1
64 38 3
64 50 5
64 52 3
64 56 5
64 58 3
64 62 2
64 64 4
64 69 4
64 70 5
64 71 3
64 72 4
64 77 3
64 81 4
64 82 3
64 83 3
64 87 4
64 89 3
64 91 4
64 93 2
64 95 4
64 96 4
64 97 3
64 98 4
64 100 4
64 101 2
64 111 4
64 121 2
64 125 2
64 127 5
64 132 4
64 135 4
64 141 4
64 143 4
64 144 3
64 151 3
64 153 3
64 154 4
64 156 4
64 157 4
64 160 4
64 161 3
64 162 3
64 168 5
64 173 5
64 175 5
64 176 4
64 179 5
64 181 4
64 182 4
64 183 5
64 185 4
64 186 4
64 187 5
64 188 4
64 190 4
64 191 4
64 194 5
64 195 5
64 196 4
64 199 4
64 202 4
64 203 4
64 209 5
64 210 3
64 211 4
64 212 3
64 214 3
64 215 5
64 216 4
64 217 2
64 218 1
64 222 4
64 227 3
64 228 4
64 229 4
64 230 5
64 231 3
64 232 2
64 235 4
64 237 4
64 238 4
64 239 3
64 240 1
64 265 4
64 269 5
64 271 3
64 273 2
64 284 4
64 288 4
64 300 3
64 310 4
64 311 2
64 313 4
64 318 4
64 333 3
64 340 4
64 367 4
64 381 4
64 384 2
64 385 4
64 392 3
64 403 4
64 405 3
64 419 2
64 420 3
64 423 4
64 425 4
64 429 4
64 431 4
64 433 2
64 434 4
64 436 5
64 447 4
64 451 2
64 475 5
64 476 1
64 509 3
64 511 4
64 515 5
64 516 5
64 520 5
64 527 4
64 531 3
64 539 1
64 546 3
64 559 3
64 566 3
64 568 4
64 569 3
64 582 4
64 588 4
64 603 3
64 625 3
64 633 5
64 636 4
64 650 3
64 652 2
64 662 4
64 663 3
64 679 3
64 684 4
64 705 5
64 731 3
64 736 4
64 746 5
64 748 1
64 751 2
64 768 2
64 778 5
64 847 3
64 879 3
64 898 2
64 959 4
64 969 3
65 1 3
65 7 1
65 15 5
65 25 4
65 28 4
65 47 2
65 48 5
65 50 5
65 56 3
65 63 2
65 64 5
65 65 3
65 69 3
65 70 1
65 73 4
65 87 5
65 88 4
65 97 5
65 98 4
65 100 3
65 121 4
65 125 4
65 135 4
65 168 4
65 173 3
65 179 3
65 185 4
65 191 4
65 196 5
65 197 5
65 202 4
65 210 4
65 211 4
65 215 5
65 216 4
65 238 3
65 239 5
65 255 3
65 258 3
65 294 4
65 318 5
65 328 4
65 356 5
65 365 3
65 378 5
65 393 4
65 402 4
65 423 5
65 427 5
65 429 4
65 435 4
65 476 3
65 511 4
65 514 4
65 526 4
65 531 4
65 582 3
65 651 4
65 655 4
65 660 5
65 661 4
65 676 5
65 735 4
65 736 4
65 778 4
65 806 4
65 956 4
66 1 3
66 7 3
66 15 3
66 21 1
66 24 3
66 50 5
66 117 3
66 121 3
66 127 4
66 181 5
66 237 4
66 248 4
66 249 4
66 258 4
66 280 4
66 281 4
66 286 1
66 288 4
66 294 4
66 295 3
66 298 4
66 405 3
66 471 5
66 475 2
66 508 4
66 597 3
66 741 4
66 742 5
66 763 4
66 825 3
66 877 1
67 1 3
67 7 5
67 24 4
67 25 4
67 64 5
67 105 4
67 121 4
67 122 3
67 123 4
67 125 4
67 147 3
67 151 4
67 235 3
67 240 5
67 276 4
67 405 5
67 412 1
67 472 4
67 546 3
67 743 4
67 827 3
67 833 4
67 871 3
68 7 3
68 9 4
68 25 4
68 50 5
68 111 3
68 117 4
68 118 2
68 121 1
68 125 1
68 178 5
68 237 5
68 245 3
68 258 5
68 275 5
68 282 1
68 286 5
68 288 4
68 405 3
68 409 3
68 411 1
68 458 1
68 471 3
68 475 5
68 596 2
68 713 2
68 742 1
68 763 1
69 7 5
69 9 4
69 12 5
69 42 5
69 48 5
69 50 5
69 56 5
69 98 5
69 100 5
69 109 3
69 117 4
69 123 4
69 124 4
69 129 3
69 147 3
69 150 5
69 151 5
69 172 5
69 174 5
69 175 3
69 181 5
69 182 4
69 197 5
69 234 5
69 235 3
69 236 4
69 237 3
69 240 3
69 245 1
69 246 5
69 256 5
69 258 4
69 265 4
69 268 5
69 273 3
69 282 3
69 288 5
69 289 4
69 294 2
69 298 4
69 300 3
69 302 4
69 307 2
69 321 4
69 333 3
69 427 3
69 475 3
69 508 4
69 591 3
69 689 3
69 742 3
69 748 2
69 763 3
69 879 1
69 886 4
70 8 4
70 15 3
70 24 4
70 28 4
70 48 4
70 50 4
70 63 3
70 69 4
70 71 3
70 82 4
70 83 4
70 88 4
70 89 4
70 95 4
70 96 4
70 99 4
70 101 3
70 109 3
70 121 3
70 128 4
70 132 4
70 135 4
70 139 3
70 142 3
70 143 5
70 150 3
70 151 3
70 152 4
70 161 3
70 168 4
70 169 4
70 173 4
70 174 5
70 175 3
70 176 4
70 181 4
70 183 4
70 185 4
70 186 4
70 189 4
70 191 3
70 193 4
70 197 4
70 202 4
70 204 3
70 206 3
70 208 4
70 210 4
70 211 3
70 214 3
70 217 4
70 222 4
70 225 3
70 228 5
70 229 3
70 230 4
70 231 3
70 260 2
70 264 4
70 265 4
70 289 3
70 298 5
70 300 4
70 313 4
70 338 2
70 383 2
70 393 4
70 398 2
70 399 4
70 403 4
70 404 4
70 405 3
70 408 4
70 411 3
70 417 3
70 419 5
70 423 5
70 429 3
70 431 3
70 432 3
70 450 1
70 451 4
70 472 3
70 473 3
70 482 4
70 483 5
70 496 4
70 501 4
70 507 4
70 511 5
70 527 4
70 538 2
70 542 2
70 546 2
70 554 3
70 568 3
70 576 2
70 584 3
70 588 5
70 596 3
70 597 3
70 625 3
70 684 3
70 746 3
70 751 4
70 755 3
70 762 3
70 820 1
71 14 5
71 50 3
71 56 5
71 64 4
71 65 5
71 89 5
71 134 3
71 135 4
71 151 1
71 154 3
71 174 2
71 175 4
71 177 2
71 181 3
71 197 5
71 222 3
71 248 3
71 257 5
71 276 4
71 282 3
71 285 3
71 289 2
71 346 4
71 357 5
71 429 4
71 462 5
71 475 5
71 514 4
71 744 4
71 923 5
72 2 3
72 5 4
72 7 1
72 9 5
72 12 5
72 15 5
72 25 5
72 28 4
72 38 3
72 45 5
72 48 4
72 50 2
72 51 4
72 54 3
72 56 5
72 64 5
72 68 3
72 69 4
72 70 4
72 77 4
72 79 4
72 82 3
72 87 4
72 89 3
72 96 5
72 97 4
72 98 5
72 100 5
72 117 4
72 118 3
72 121 3
72 124 4
72 127 5
72 129 4
72 134 5
72 135 4
72 147 5
72 161 5
72 170 3
72 172 1
72 174 5
72 176 2
72 177 4
72 180 4
72 181 1
72 182 5
72 187 4
72 191 5
72 194 4
72 195 5
72 196 4
72 203 3
72 204 4
72 210 4
72 212 5
72 220 3
72 222 1
72 226 4
72 228 1
72 229 1
72 230 1
72 233 4
72 234 4
72 241 4
72 265 4
72 318 5
72 356 4
72 357 4
72 380 1
72 382 4
72 402 4
72 405 3
72 423 5
72 427 5
72 435 5
72 443 3
72 461 3
72 466 4
72 471 4
72 476 4
72 479 4
72 480 5
72 484 4
72 493 5
72 504 4
72 509 4
72 515 4
72 520 5
72 521 4
72 525 4
72 526 4
72 527 4
72 528 4
72 530 4
72 550 4
72 553 5
72 566 4
72 568 4
72 581 4
72 582 4
72 591 5
72 603 4
72 628 4
72 644 4
72 647 1
72 655 5
72 664 3
72 679 2
72 684 4
72 685 4
72 699 3
72 792 3
72 866 4
72 972 4
73 1 2
73 7 4
73 12 5
73 28 3
73 32 4
73 48 2
73 56 4
73 59 5
73 64 5
73 81 5
73 82 2
73 89 5
73 94 1
73 100 4
73 127 5
73 135 5
73 152 3
73 153 3
73 154 5
73 156 4
73 171 5
73 173 5
73 175 5
73 179 5
73 180 4
73 187 5
73 196 4
73 202 2
73 206 3
73 213 4
73 255 2
73 268 3
73 269 4
73 271 2
73 272 4
73 286 4
73 288 3
73 289 2
73 318 4
73 357 5
73 382 4
73 433 4
73 474 5
73 475 4
73 479 5
73 480 4
73 507 3
73 518 5
73 588 2
73 650 3
73 657 5
73 660 4
73 683 2
73 748 2
73 923 3
74 7 4
74 9 4
74 13 4
74 15 4
74 100 4
74 121 4
74 124 3
74 126 3
74 129 3
74 137 3
74 150 3
74 237 4
74 245 3
74 258 4
74 272 5
74 276 4
74 285 3
74 288 3
74 294 4
74 301 3
74 302 4
74 307 4
74 313 5
74 324 3
74 326 4
74 328 4
74 333 4
74 340 5
74 351 3
74 354 3
74 539 3
74 690 4
75 1 4
75 13 5
75 25 5
75 56 5
75 79 5
75 100 5
75 108 4
75 111 4
75 114 4
75 118 3
75 121 4
75 123 3
75 125 3
75 137 4
75 147 3
75 151 5
75 190 5
75 196 4
75 220 1
75 225 2
75 235 4
75 237 2
75 240 1
75 271 5
75 273 5
75 284 2
75 290 4
75 291 1
75 294 3
75 301 4
75 304 2
75 322 1
75 323 2
75 405 4
75 408 4
75 409 3
75 410 5
75 411 5
75 413 2
75 427 4
75 460 5
75 472 4
75 475 5
75 476 1
75 477 4
75 496 5
75 508 4
75 546 3
75 597 3
75 678 3
75 685 4
75 696 4
75 742 1
75 756 2
75 820 3
75 824 1
75 825 1
75 831 3
75 845 3
75 926 3
75 952 5
75 988 2
76 6 5
76 7 4
76 12 3
76 23 5
76 42 3
76 56 5
76 59 4
76 60 4
76 61 4
76 64 5
76 70 4
76 77 2
76 89 4
76 92 4
76 93 4
76 98 5
76 100 5
76 121 2
76 129 3
76 135 5
76 137 5
76 150 5
76 156 3
76 172 5
76 175 4
76 192 5
76 197 5
76 200 5
76 216 4
76 223 2
76 258 3
76 270 3
76 276 5
76 286 5
76 288 2
76 318 3
76 324 4
76 325 2
76 327 3
76 333 3
76 343 3
76 358 2
76 385 2
76 421 3
76 474 5
76 513 5
76 514 4
76 517 5
76 518 3
76 531 4
76 547 2
76 582 3
76 603 3
76 628 2
76 690 2
76 769 1
76 772 3
76 811 4
76 960 3
77 1 5
77 4 3
77 15 2
77 23 4
77 25 2
77 28 5
77 31 3
77 50 4
77 52 5
77 56 4
77 69 3
77 89 5
77 91 3
77 96 3
77 97 2
77 100 3
77 125 3
77 127 2
77 132 3
77 133 2
77 144 3
77 153 5
77 154 5
77 168 4
77 172 3
77 173 5
77 174 5
77 175 4
77 176 4
77 179 5
77 181 3
77 195 5
77 201 4
77 209 4
77 210 3
77 215 2
77 238 5
77 246 5
77 250 3
77 252 1
77 265 3
77 268 5
77 276 2
77 357 3
77 405 3
77 431 5
77 455 3
77 474 5
77 483 4
77 484 5
77 498 5
77 511 2
77 518 4
77 523 5
77 641 5
77 778 2
77 833 1
78 25 3
78 93 4
78 237 5
78 255 4
78 257 4
78 269 3
78 288 4
78 289 4
78 294 3
78 298 3
78 301 5
78 323 1
78 327 1
78 412 4
78 813 2
78 871 3
78 880 5
79 1 4
79 6 4
79 7 5
79 13 3
79 19 5
79 50 4
79 93 2
79 100 5
79 116 5
79 124 5
79 137 4
79 150 3
79 246 5
79 251 5
79 257 3
79 258 5
79 262 5
79 268 5
79 269 5
79 283 4
79 286 5
79 288 3
79 290 3
79 301 3
79 303 4
79 306 5
79 313 2
79 319 4
79 325 5
79 333 2
79 340 4
79 370 2
79 508 3
79 582 5
79 676 3
79 690 4
79 740 4
79 813 5
79 900 4
79 902 3
79 906 5
79 937 2
80 45 4
80 50 3
80 58 4
80 86 5
80 87 4
80 100 5
80 154 3
80 194 3
80 199 2
80 205 5
80 208 5
80 213 3
80 215 5
80 234 3
80 237 4
80 260 1
80 269 3
80 303 4
80 423 3
80 466 5
80 483 5
80 514 3
80 531 4
80 582 3
80 699 3
80 886 4
81 1 4
81 3 4
81 7 4
81 25 5
81 42 4
81 93 3
81 98 5
81 100 3
81 111 3
81 118 2
81 121 4
81 124 3
81 147 4
81 150 3
81 151 2
81 169 4
81 186 5
81 222 2
81 237 4
81 269 3
81 273 4
81 274 3
81 275 4
81 276 4
81 280 4
81 282 5
81 283 4
81 284 3
81 288 3
81 289 3
81 318 5
81 405 3
81 410 4
81 411 2
81 412 1
81 432 2
81 456 1
81 471 3
81 475 5
81 476 2
81 544 2
81 591 5
81 595 4
81 596 3
81 619 3
81 726 4
81 742 2
81 756 1
81 824 3
81 926 3
81 928 4
82 1 4
82 3 2
82 7 3
82 8 4
82 9 4
82 11 4
82 13 2
82 14 4
82 15 3
82 21 1
82 25 2
82 28 3
82 56 3
82 64 5
82 69 4
82 70 4
82 71 4
82 73 4
82 79 3
82 81 3
82 87 3
82 97 4
82 99 4
82 100 5
82 103 2
82 109 1
82 111 4
82 112 1
82 121 4
82 125 3
82 127 2
82 133 4
82 135 3
82 140 3
82 147 3
82 151 2
82 168 5
82 169 4
82 174 5
82 175 4
82 178 4
82 181 4
82 183 3
82 185 3
82 191 4
82 194 4
82 197 4
82 199 4
82 202 4
82 208 3
82 211 4
82 216 4
82 218 3
82 220 2
82 222 3
82 225 3
82 228 3
82 230 2
82 231 2
82 235 1
82 238 3
82 240 1
82 265 4
82 274 3
82 275 2
82 276 4
82 281 3
82 283 2
82 284 4
82 286 4
82 288 3
82 289 1
82 294 4
82 304 3
82 310 4
82 326 2
82 338 1
82 343 1
82 357 4
82 367 4
82 405 3
82 409 1
82 411 3
82 412 1
82 413 1
82 414 4
82 418 4
82 424 1
82 430 5
82 432 4
82 455 4
82 456 1
82 458 1
82 462 4
82 472 3
82 473 2
82 474 3
82 475 1
82 476 3
82 477 3
82 479 4
82 480 4
82 481 5
82 482 4
82 495 3
82 496 4
82 504 4
82 508 2
82 511 3
82 513 4
82 514 4
82 518 4
82 519 4
82 520 3
82 523 5
82 527 3
82 529 4
82 539 3
82 546 3
82 588 5
82 596 3
82 597 3
82 657 4
82 661 4
82 671 1
82 678 1
82 705 3
82 717 1
82 740 2
82 756 1
82 820 3
82 822 2
82 826 3
82 834 1
82 866 3
82 919 3
82 946 2
83 1 4
83 2 4
83 4 2
83 15 4
83 22 5
83 25 2
83 28 4
83 31 5
83 35 1
83 38 5
83 43 4
83 56 1
83 63 4
83 64 5
83 66 4
83 69 4
83 70 4
83 71 3
83 77 4
83 78 2
83 82 5
83 94 4
83 95 4
83 97 4
83 105 2
83 106 4
83 110 4
83 111 3
83 117 5
83 118 3
83 121 4
83 122 1
83 125 5
83 139 3
83 161 4
83 174 5
83 181 4
83 186 4
83 191 4
83 196 5
83 204 5
83 210 5
83 215 4
83 216 4
83 225 3
83 233 4
83 234 4
83 235 1
83 240 1
83 243 3
83 249 2
83 252 4
83 254 2
83 255 5
83 259 2
83 265 5
83 274 4
83 281 5
83 294 3
83 298 4
83 300 3
83 301 2
83 319 1
83 322 3
83 323 4
83 338 4
83 356 4
83 364 1
83 371 3
83 385 4
83 391 2
83 393 5
83 405 5
83 406 2
83 407 1
83 409 4
83 411 2
83 412 1
83 413 1
83 423 4
83 452 3
83 465 4
83 468 4
83 471 3
83 476 3
83 477 2
83 508 2
83 527 4
83 543 2
83 546 4
83 566 4
83 568 4
83 575 4
83 576 4
83 580 4
83 584 4
83 591 4
83 597 2
83 609 4
83 623 4
83 631 2
83 640 2
83 660 4
83 663 5
83 684 4
83 685 4
83 692 4
83 717 4
83 720 4
83 722 4
83 732 4
83 739 5
83 748 2
83 751 3
83 755 5
83 768 4
83 781 4
83 783 4
83 795 3
83 820 2
83 828 3
83 832 3
83 846 3
83 862 4
83 864 4
83 866 3
83 871 2
83 892 2
83 929 3
83 932 4
83 977 3
83 993 2
84 1 2
84 7 4
84 12 5
84 15 4
84 25 3
84 31 4
84 64 5
84 87 5
84 95 4
84 98 4
84 111 4
84 117 4
84 121 4
84 148 4
84 151 4
84 194 5
84 203 3
84 222 4
84 225 4
84 237 4
84 245 4
84 258 4
84 265 5
84 273 4
84 274 4
84 276 4
84 284 3
84 286 5
84 289 5
84 291 3
84 294 3
84 300 4
84 317 3
84 322 3
84 385 4
84 405 3
84 411 2
84 466 4
84 477 4
84 486 5
84 523 4
84 528 5
84 529 5
84 543 5
84 546 3
84 597 3
84 628 3
84 685 3
84 742 3
84 744 4
84 748 4
84 823 3
84 866 4
84 879 4
85 8 4
85 10 4
85 13 3
85 14 4
85 23 4
85 25 2
85 27 4
85 28 4
85 30 3
85 45 3
85 50 5
85 51 2
85 52 3
85 53 3
85 56 4
85 57 5
85 58 4
85 64 5
85 65 3
85 69 4
85 70 4
85 71 4
85 79 3
85 82 3
85 83 4
85 86 4
85 87 4
85 89 4
85 94 3
85 95 4
85 97 2
85 98 4
85 99 5
85 100 3
85 108 2
85 121 2
85 124 5
85 127 5
85 132 5
85 133 4
85 134 5
85 135 5
85 136 4
85 143 4
85 150 3
85 152 5
85 153 3
85 154 4
85 157 3
85 160 3
85 163 3
85 168 4
85 170 4
85 173 3
85 174 4
85 175 4
85 179 4
85 180 4
85 182 4
85 187 5
85 188 2
85 190 4
85 191 4
85 192 4
85 193 3
85 194 4
85 195 3
85 197 5
85 199 5
85 203 5
85 205 4
85 208 5
85 209 4
85 210 3
85 211 5
85 212 2
85 213 4
85 215 4
85 216 3
85 221 2
85 222 2
85 228 3
85 229 3
85 230 3
85 231 2
85 232 3
85 234 4
85 237 3
85 238 2
85 241 3
85 246 4
85 250 3
85 258 4
85 259 2
85 268 4
85 269 3
85 272 4
85 275 3
85 277 2
85 282 3
85 283 3
85 284 3
85 286 4
85 289 3
85 291 3
85 298 4
85 300 3
85 301 4
85 310 3
85 313 4
85 317 3
85 318 4
85 319 4
85 327 3
85 328 3
85 340 3
85 345 4
85 357 4
85 372 4
85 378 4
85 380 4
85 382 4
85 385 3
85 389 3
85 393 4
85 404 3
85 412 3
85 414 4
85 416 3
85 417 3
85 418 3
85 419 5
85 420 4
85 423 4
85 425 4
85 427 3
85 432 4
85 433 3
85 435 4
85 443 4
85 447 3
85 449 4
85 451 4
85 458 3
85 462 4
85 464 5
85 465 4
85 476 3
85 478 4
85 479 4
85 480 4
85 481 4
85 483 5
85 485 5
85 488 4
85 492 4
85 495 3
85 496 4
85 498 4
85 499 4
85 501 3
85 502 4
85 504 4
85 506 4
85 507 4
85 508 2
85 509 4
85 510 4
85 511 4
85 512 3
85 513 4
85 514 5
85 516 4
85 517 5
85 521 3
85 523 4
85 526 4
85 527 4
85 528 4
85 529 3
85 530 3
85 531 4
85 566 3
85 568 3
85 582 4
85 588 3
85 589 3
85 596 3
85 604 4
85 606 4
85 610 3
85 622 3
85 629 3
85 630 3
85 631 4
85 632 3
85 639 3
85 641 4
85 642 4
85 647 4
85 654 4
85 655 3
85 657 4
85 658 3
85 659 4
85 660 4
85 661 4
85 664 4
85 690 2
85 692 3
85 697 3
85 702 2
85 705 5
85 707 4
85 708 4
85 709 5
85 710 2
85 712 3
85 732 3
85 735 3
85 751 3
85 782 2
85 792 4
85 813 4
85 822 3
85 842 3
85 845 3
85 855 3
85 923 4
85 924 1
85 955 4
85 971 3
85 984 2
86 242 4
86 258 5
86 269 4
86 270 5
86 286 3
86 288 3
86 289 3
86 300 3
86 304 3
86 319 3
86 327 4
86 328 2
86 338 1
86 683 5
86 872 3
86 879 2
86 881 2
86 888 4
86 889 5
87 2 4
87 4 5
87 7 4
87 8 5
87 9 4
87 13 3
87 21 3
87 22 4
87 25 4
87 27 4
87 33 3
87 38 5
87 39 3
87 40 3
87 47 3
87 48 4
87 50 5
87 55 4
87 62 5
87 63 4
87 64 5
87 67 4
87 68 3
87 70 5
87 72 3
87 73 3
87 79 5
87 80 4
87 82 5
87 87 4
87 88 5
87 89 4
87 90 2
87 94 4
87 96 5
87 97 5
87 100 5
87 111 4
87 118 4
87 120 2
87 127 4
87 132 5
87 135 5
87 144 4
87 153 5
87 154 4
87 157 3
87 158 3
87 161 5
87 163 4
87 167 4
87 172 5
87 177 5
87 179 4
87 181 5
87 182 4
87 183 4
87 186 5
87 188 4
87 192 3
87 195 5
87 196 5
87 199 5
87 201 2
87 202 5
87 204 5
87 208 5
87 209 5
87 210 5
87 211 5
87 216 5
87 228 5
87 229 4
87 230 5
87 231 3
87 232 3
87 233 4
87 235 3
87 238 3
87 239 4
87 254 4
87 273 3
87 274 4
87 281 4
87 297 3
87 300 3
87 303 3
87 318 4
87 321 2
87 323 3
87 367 4
87 382 3
87 384 4
87 385 5
87 386 2
87 393 4
87 401 2
87 403 3
87 405 4
87 409 3
87 410 4
87 411 4
87 414 3
87 423 3
87 427 4
87 435 5
87 449 3
87 451 4
87 472 4
87 477 3
87 491 5
87 496 5
87 502 5
87 510 5
87 514 4
87 515 4
87 519 4
87 521 3
87 523 5
87 535 4
87 546 3
87 550 4
87 554 4
87 566 5
87 568 5
87 570 3
87 575 3
87 576 3
87 577 4
87 578 3
87 585 4
87 628 4
87 629 4
87 651 4
87 657 4
87 679 3
87 684 5
87 692 5
87 702 3
87 705 4
87 709 3
87 722 4
87 728 4
87 732 4
87 775 2
87 780 4
87 781 5
87 783 4
87 789 3
87 790 4
87 791 2
87 796 4
87 801 3
87 802 4
87 804 3
87 808 3
87 810 3
87 824 3
87 845 4
87 866 4
87 871 4
87 926 4
87 944 5
87 996 3
87 1000 3
88 261 5
88 286 5
88 300 3
88 301 4
88 302 3
88 308 4
88 311 5
88 313 3
88 315 4
88 319 3
88 321 1
88 354 5
88 690 4
88 750 2
88 880 3
88 881 5
88 886 5
88 898 4
88 904 5
89 1 5
89 7 5
89 13 2
89 14 4
89 26 3
89 49 4
89 50 5
89 66 3
89 83 4
89 88 4
89 93 2
89 100 5
89 111 4
89 117 5
89 121 5
89 127 5
89 137 1
89 150 5
89 151 5
89 181 4
89 187 5
89 197 5
89 202 3
89 212 3
89 213 4
89 216 5
89 221 1
89 222 5
89 235 5
89 236 5
89 237 4
89 240 4
89 246 5
89 257 5
89 268 5
89 269 5
89 275 5
89 277 4
89 283 4
89 321 4
89 381 4
89 387 5
89 475 5
89 517 5
89 694 5
89 702 5
89 707 5
89 709 3
89 716 3
89 724 4
89 731 3
89 732 5
89 736 3
89 737 1
89 739 2
89 762 3
89 813 5
89 815 4
89 845 2
89 875 3
89 880 5
89 936 5
89 949 3
89 952 2
90 6 4
90 8 5
90 9 4
90 10 5
90 11 4
90 12 5
90 14 5
90 17 4
90 18 3
90 19 3
90 20 4
90 22 4
90 25 5
90 26 4
90 30 5
90 31 4
90 33 4
90 42 4
90 45 3
90 52 5
90 56 5
90 57 5
90 59 5
90 64 4
90 65 4
90 70 5
90 79 4
90 83 5
90 86 5
90 89 5
90 96 4
90 97 5
90 98 5
90 100 5
90 117 3
90 126 2
90 127 4
90 131 5
90 132 5
90 133 5
90 134 5
90 136 5
90 141 5
90 143 5
90 148 2
90 149 3
90 150 3
90 151 2
90 153 5
90 154 5
90 155 5
90 162 5
90 166 4
90 170 5
90 171 2
90 174 5
90 175 3
90 177 5
90 178 5
90 179 5
90 180 4
90 182 3
90 185 5
90 187 4
90 190 5
90 191 5
90 193 4
90 194 5
90 197 5
90 198 5
90 199 5
90 202 3
90 203 5
90 208 3
90 211 5
90 212 4
90 213 5
90 216 5
90 218 5
90 221 4
90 223 4
90 234 4
90 237 4
90 241 5
90 242 4
90 245 3
90 258 3
90 259 2
90 269 5
90 270 4
90 272 5
90 273 3
90 285 5
90 286 5
90 287 4
90 289 3
90 300 3
90 301 4
90 302 5
90 303 4
90 306 4
90 307 5
90 310 3
90 311 4
90 312 4
90 313 5
90 317 4
90 318 5
90 322 4
90 323 3
90 328 3
90 340 4
90 347 4
90 354 3
90 356 4
90 357 5
90 367 4
90 382 5
90 385 4
90 387 5
90 402 5
90 421 4
90 423 5
90 425 4
90 427 5
90 430 3
90 433 3
90 435 5
90 443 4
90 447 5
90 454 2
90 462 5
90 464 5
90 471 4
90 474 5
90 475 3
90 478 5
90 480 5
90 482 5
90 483 5
90 485 5
90 486 5
90 488 5
90 489 5
90 490 5
90 493 5
90 494 5
90 496 4
90 497 5
90 499 5
90 501 5
90 506 5
90 507 5
90 509 5
90 512 4
90 514 3
90 515 5
90 517 3
90 518 2
90 519 5
90 521 4
90 523 4
90 526 5
90 527 5
90 528 5
90 529 5
90 530 3
90 531 4
90 543 3
90 547 3
90 553 2
90 568 5
90 602 5
90 603 5
90 604 5
90 606 5
90 607 5
90 609 5
90 610 5
90 611 5
90 613 4
90 614 4
90 617 4
90 618 5
90 631 5
90 632 5
90 639 5
90 644 5
90 647 5
90 648 4
90 650 5
90 651 5
90 652 4
90 654 5
90 657 5
90 659 4
90 660 4
90 661 5
90 662 5
90 676 2
90 684 3
90 690 4
90 692 4
90 693 3
90 699 4
90 703 3
90 705 5
90 707 5
90 709 5
90 713 4
90 721 3
90 732 5
90 739 5
90 762 3
90 811 4
90 813 4
90 821 3
90 836 5
90 837 5
90 855 5
90 863 4
90 875 1
90 879 3
90 889 3
90 896 3
90 900 4
90 903 4
90 904 3
90 905 4
90 906 2
90 923 5
90 945 5
90 954 4
90 958 4
90 962 2
90 964 5
90 965 5
90 966 5
90 971 4
90 972 4
90 990 3
90 995 4
91 22 5
91 28 4
91 31 5
91 50 5
91 56 1
91 64 4
91 69 5
91 82 5
91 97 5
91 98 5
91 99 2
91 127 5
91 131 2
91 132 3
91 134 4
91 135 4
91 136 4
91 143 4
91 161 3
91 172 4
91 174 5
91 176 5
91 181 5
91 182 4
91 187 5
91 192 4
91 193 3
91 195 5
91 204 4
91 205 5
91 210 5
91 211 2
91 230 4
91 234 5
91 264 4
91 265 5
91 289 4
91 313 4
91 318 5
91 322 4
91 323 2
91 326 3
91 327 4
91 328 4
91 331 5
91 338 4
91 351 4
91 357 5
91 389 2
91 423 5
91 427 4
91 429 4
91 435 4
91 479 4
91 480 4
91 482 3
91 483 4
91 484 4
91 495 4
91 498 3
91 501 2
91 504 3
91 507 4
91 510 3
91 511 5
91 515 5
91 520 4
91 526 4
91 529 4
91 568 2
91 601 4
91 603 5
91 612 4
91 614 4
91 616 4
91 618 3
91 651 5
91 657 4
91 682 2
91 683 3
91 689 5
91 735 4
91 748 2
91 750 5
91 988 2
92 1 4
92 2 3
92 4 4
92 5 4
92 7 4
92 8 5
92 9 4
92 11 4
92 12 5
92 15 3
92 22 3
92 24 3
92 28 3
92 29 3
92 31 4
92 32 3
92 38 3
92 42 4
92 43 3
92 46 4
92 47 4
92 48 4
92 49 3
92 50 5
92 51 4
92 53 3
92 54 3
92 55 3
92 56 5
92 58 4
92 62 3
92 64 4
92 66 3
92 67 3
92 68 3
92 71 5
92 72 3
92 73 3
92 77 3
92 78 3
92 79 4
92 80 2
92 81 3
92 82 2
92 85 3
92 87 3
92 88 3
92 89 5
92 91 3
92 92 4
92 93 4
92 94 3
92 95 3
92 96 4
92 98 5
92 100 5
92 101 2
92 102 2
92 106 3
92 109 3
92 115 3
92 116 3
92 117 4
92 120 2
92 121 5
92 122 3
92 123 2
92 124 4
92 125 4
92 129 4
92 132 3
92 134 4
92 135 4
92 143 3
92 144 4
92 145 2
92 148 2
92 153 4
92 154 4
92 156 4
92 157 4
92 159 4
92 160 4
92 161 2
92 164 4
92 167 3
92 168 4
92 171 4
92 172 4
92 173 3
92 174 5
92 175 4
92 176 5
92 179 5
92 180 5
92 181 4
92 182 4
92 183 4
92 184 3
92 186 4
92 189 4
92 190 4
92 191 4
92 193 4
92 195 5
92 196 4
92 198 5
92 200 3
92 201 3
92 202 3
92 203 4
92 204 4
92 208 4
92 209 5
92 210 4
92 214 4
92 215 4
92 216 3
92 218 4
92 219 4
92 220 1
92 222 4
92 223 5
92 226 3
92 227 1
92 229 3
92 230 3
92 231 3
92 234 4
92 235 3
92 237 4
92 238 5
92 240 2
92 241 3
92 243 1
92 245 4
92 248 4
92 249 3
92 250 4
92 252 4
92 257 2
92 258 4
92 265 4
92 268 4
92 271 2
92 273 4
92 274 4
92 276 5
92 278 3
92 281 3
92 282 4
92 284 2
92 288 3
92 289 3
92 291 4
92 294 3
92 295 2
92 304 4
92 307 4
92 313 5
92 318 2
92 328 3
92 356 3
92 363 3
92 364 3
92 367 3
92 370 1
92 376 3
92 382 4
92 383 1
92 386 3
92 393 3
92 396 3
92 403 4
92 405 2
92 408 4
92 409 3
92 410 3
92 411 4
92 412 2
92 421 4
92 423 3
92 425 4
92 428 4
92 431 4
92 432 3
92 436 4
92 449 3
92 450 2
92 451 3
92 452 2
92 453 1
92 455 2
92 456 2
92 463 4
92 466 4
92 471 4
92 474 4
92 475 5
92 476 2
92 500 4
92 501 2
92 504 3
92 508 5
92 515 4
92 518 5
92 521 4
92 527 3
92 528 4
92 531 4
92 540 2
92 546 2
92 551 2
92 552 3
92 554 2
92 559 3
92 561 3
92 566 4
92 568 3
92 575 2
92 576 2
92 577 3
92 581 4
92 582 5
92 583 3
92 587 3
92 591 4
92 595 3
92 596 2
92 619 4
92 620 3
92 627 3
92 628 4
92 636 3
92 640 5
92 642 3
92 651 4
92 655 4
92 658 3
92 660 4
92 663 4
92 665 3
92 672 3
92 673 4
92 674 4
92 678 2
92 679 4
92 684 3
92 692 4
92 704 3
92 709 2
92 712 3
92 715 4
92 717 3
92 720 3
92 722 3
92 725 3
92 727 4
92 728 3
92 731 4
92 735 3
92 737 4
92 739 2
92 742 3
92 743 2
92 747 4
92 748 3
92 755 3
92 756 3
92 758 1
92 763 3
92 771 1
92 778 4
92 780 3
92 781 3
92 783 3
92 785 3
92 789 5
92 790 3
92 794 3
92 800 3
92 802 2
92 820 1
92 823 4
92 825 4
92 826 2
92 831 2
92 834 1
92 845 3
92 846 3
92 925 3
92 928 3
92 930 2
92 931 1
92 934 2
92 947 4
92 949 3
92 955 4
92 961 4
92 963 5
92 974 2
92 977 2
92 980 3
92 984 2
92 986 2
92 993 4
93 1 5
93 15 5
93 121 3
93 125 1
93 151 1
93 222 4
93 235 4
93 275 4
93 283 4
93 412 2
93 476 4
93 477 5
93 815 4
93 820 3
93 845 4
93 866 2
94 1 4
94 4 4
94 7 4
94 8 5
94 9 5
94 11 5
94 12 4
94 17 2
94 22 4
94 23 5
94 24 4
94 25 3
94 28 4
94 29 2
94 31 4
94 32 5
94 33 3
94 34 1
94 38 2
94 39 3
94 41 3
94 42 4
94 45 5
94 49 4
94 50 5
94 52 5
94 53 4
94 54 4
94 55 4
94 56 5
94 58 5
94 61 5
94 62 3
94 63 3
94 64 5
94 66 2
94 68 4
94 69 3
94 70 4
94 72 3
94 76 4
94 77 3
94 79 4
94 80 2
94 81 4
94 82 4
94 83 4
94 88 3
94 89 3
94 90 3
94 92 4
94 93 4
94 96 3
94 97 4
94 98 4
94 99 3
94 100 5
94 101 2
94 102 3
94 109 4
94 111 4
94 118 3
94 121 2
94 125 1
94 132 4
94 133 4
94 135 4
94 142 3
94 143 4
94 144 3
94 153 5
94 154 5
94 155 2
94 156 5
94 157 5
94 160 4
94 161 3
94 164 3
94 168 5
94 170 5
94 173 4
94 174 4
94 175 4
94 176 4
94 177 5
94 179 5
94 180 5
94 181 4
94 183 5
94 184 2
94 185 5
94 186 4
94 187 4
94 190 5
94 191 5
94 192 4
94 193 5
94 194 4
94 196 4
94 200 4
94 201 4
94 202 2
94 203 5
94 204 4
94 206 4
94 209 5
94 210 4
94 211 5
94 214 5
94 215 4
94 216 3
94 217 4
94 218 3
94 219 4
94 222 3
94 223 5
94 225 3
94 227 3
94 228 4
94 229 3
94 230 2
94 232 3
94 234 5
94 235 4
94 241 4
94 246 4
94 250 4
94 257 4
94 258 5
94 260 2
94 265 4
94 268 4
94 273 4
94 274 4
94 281 3
94 282 3
94 286 4
94 288 3
94 302 4
94 313 4
94 317 5
94 318 5
94 328 3
94 334 3
94 343 4
94 346 4
94 347 5
94 356 4
94 366 3
94 368 2
94 369 1
94 372 4
94 380 3
94 381 4
94 385 2
94 386 4
94 390 5
94 391 3
94 392 3
94 393 3
94 399 4
94 401 4
94 402 4
94 404 4
94 405 3
94 410 4
94 417 3
94 418 3
94 419 3
94 420 4
94 421 4
94 425 5
94 428 5
94 431 4
94 432 4
94 433 4
94 435 4
94 436 5
94 443 4
94 447 4
94 448 5
94 451 4
94 455 3
94 458 4
94 464 5
94 467 4
94 469 4
94 470 4
94 471 4
94 472 3
94 475 5
94 477 2
94 483 5
94 484 5
94 496 3
94 501 4
94 504 5
94 506 5
94 508 5
94 509 5
94 510 5
94 518 5
94 525 5
94 527 5
94 528 5
94 537 4
94 541 3
94 544 3
94 546 3
94 549 5
94 550 1
94 553 3
94 556 3
94 561 3
94 562 3
94 566 2
94 568 3
94 569 1
94 572 3
94 576 2
94 581 4
94 583 3
94 585 3
94 586 1
94 588 4
94 589 5
94 597 2
94 603 4
94 616 4
94 624 2
94 625 4
94 629 4
94 642 4
94 644 5
94 646 5
94 647 5
94 650 5
94 651 5
94 652 4
94 654 5
94 655 4
94 657 5
94 658 3
94 665 3
94 670 3
94 674 3
94 679 4
94 684 4
94 685 4
94 686 4
94 692 4
94 693 4
94 696 4
94 700 2
94 703 3
94 710 3
94 715 4
94 716 3
94 720 1
94 722 2
94 723 3
94 727 5
94 728 2
94 731 3
94 732 3
94 735 5
94 736 5
94 738 2
94 739 2
94 741 4
94 742 3
94 744 4
94 750 4
94 763 3
94 765 3
94 768 3
94 780 3
94 783 2
94 786 3
94 789 4
94 792 4
94 797 2
94 800 3
94 806 4
94 808 2
94 809 2
94 810 3
94 813 5
94 820 1
94 824 4
94 829 2
94 860 2
94 864 2
94 921 5
94 923 5
94 928 3
94 930 2
94 932 2
94 942 4
94 943 3
94 944 1
94 946 3
94 949 5
94 951 3
94 959 5
94 961 4
94 969 4
94 993 4
95 1 5
95 2 2
95 3 1
95 7 5
95 14 5
95 15 4
95 22 4
95 24 3
95 25 3
95 26 3
95 28 4
95 31 4
95 32 1
95 33 3
95 43 2
95 48 4
95 51 4
95 58 3
95 63 3
95 64 5
95 65 4
95 67 2
95 68 4
95 69 5
95 70 4
95 71 5
95 72 2
95 77 4
95 78 3
95 79 4
95 82 3
95 83 5
95 88 4
95 89 3
95 90 2
95 91 5
95 94 5
95 95 3
95 96 4
95 97 4
95 98 4
95 99 4
95 101 1
95 102 4
95 111 4
95 117 4
95 121 4
95 127 4
95 128 3
95 132 3
95 133 3
95 135 3
95 137 3
95 139 4
95 140 3
95 141 4
95 142 4
95 143 4
95 144 5
95 151 4
95 153 5
95 161 3
95 168 4
95 170 5
95 172 4
95 173 5
95 174 5
95 175 5
95 176 3
95 177 3
95 178 5
95 179 3
95 180 3
95 181 4
95 182 2
95 183 5
95 185 3
95 186 5
95 188 3
95 190 4
95 191 5
95 193 3
95 195 5
95 196 4
95 197 4
95 198 5
95 199 5
95 200 2
95 202 4
95 203 3
95 204 5
95 205 3
95 207 5
95 208 4
95 209 4
95 210 5
95 211 3
95 216 5
95 226 4
95 228 4
95 229 3
95 232 4
95 233 4
95 237 2
95 239 3
95 241 3
95 257 5
95 265 3
95 274 4
95 275 3
95 282 4
95 286 5
95 289 2
95 290 3
95 328 5
95 356 4
95 357 4
95 366 4
95 371 2
95 378 4
95 381 4
95 385 4
95 389 4
95 391 2
95 393 5
95 395 3
95 402 3
95 403 1
95 404 5
95 405 3
95 415 3
95 416 4
95 417 3
95 419 4
95 420 4
95 422 2
95 423 5
95 432 3
95 436 5
95 443 3
95 445 4
95 447 2
95 448 3
95 449 3
95 451 3
95 463 5
95 465 3
95 471 5
95 474 4
95 483 3
95 485 5
95 491 4
95 495 4
95 496 4
95 498 3
95 505 3
95 506 3
95 509 4
95 510 4
95 514 2
95 515 5
95 518 4
95 520 4
95 523 4
95 527 4
95 532 4
95 539 4
95 542 2
95 546 2
95 550 4
95 554 3
95 560 1
95 568 4
95 573 1
95 586 2
95 588 3
95 591 5
95 596 2
95 597 3
95 622 4
95 625 4
95 627 4
95 636 1
95 640 3
95 649 4
95 650 4
95 651 5
95 655 4
95 657 5
95 660 5
95 665 2
95 674 2
95 675 2
95 683 4
95 692 4
95 699 2
95 705 5
95 707 3
95 708 2
95 712 2
95 716 3
95 720 2
95 728 3
95 736 4
95 737 3
95 742 4
95 747 5
95 768 1
95 779 3
95 781 2
95 787 2
95 791 3
95 815 3
95 843 4
95 862 1
95 878 1
95 892 3
95 960 2
95 968 5
95 971 3
95 976 2
96 1 5
96 7 5
96 8 5
96 23 5
96 42 1
96 50 5
96 56 5
96 64 5
96 79 4
96 83 3
96 87 4
96 89 5
96 91 5
96 96 4
96 98 5
96 100 5
96 127 5
96 144 4
96 153 4
96 156 4
96 170 5
96 173 3
96 174 5
96 176 4
96 181 5
96 182 4
96 183 4
96 185 5
96 187 5
96 190 4
96 194 2
96 195 5
96 198 5
96 216 4
96 238 4
96 265 5
96 318 5
96 435 3
96 445 4
96 474 4
96 478 2
96 479 4
96 483 5
96 484 5
96 486 3
96 519 4
96 525 2
96 645 5
96 673 4
97 1 4
97 7 5
97 23 5
97 28 5
97 32 5
97 50 5
97 79 5
97 82 4
97 83 1
97 89 5
97 96 5
97 97 5
97 98 4
97 100 2
97 115 5
97 132 5
97 133 1
97 135 5
97 153 5
97 168 4
97 169 5
97 174 4
97 175 5
97 183 5
97 186 3
97 189 4
97 191 5
97 192 1
97 194 3
97 195 5
97 197 3
97 202 5
97 204 5
97 205 2
97 222 5
97 228 5
97 357 5
97 408 5
97 428 4
97 429 4
97 430 5
97 431 3
97 432 4
97 434 4
97 435 4
97 466 3
97 482 5
97 484 3
97 496 2
97 526 3
97 603 4
97 655 5
97 661 5
97 663 5
97 670 5
97 919 5
98 25 5
98 47 4
98 70 3
98 88 3
98 116 5
98 152 3
98 163 3
98 168 2
98 173 1
98 209 2
98 321 3
98 322 3
98 428 5
98 435 5
98 502 2
98 514 5
98 517 5
98 523 5
98 629 5
98 655 3
98 745 3
98 938 3
98 988 1
99 1 4
99 3 3
99 4 5
99 7 4
99 11 5
99 12 5
99 22 5
99 25 3
99 28 3
99 50 5
99 56 5
99 64 5
99 66 3
99 69 4
99 79 4
99 92 4
99 100 5
99 105 2
99 107 3
99 111 1
99 116 2
99 117 5
99 118 2
99 120 2
99 121 3
99 123 3
99 124 2
99 125 4
99 147 5
99 168 5
99 173 4
99 181 5
99 182 4
99 196 4
99 201 3
99 203 4
99 204 4
99 210 5
99 232 4
99 237 5
99 238 4
99 240 4
99 245 3
99 246 3
99 255 3
99 258 5
99 265 3
99 268 3
99 273 5
99 274 1
99 275 1
99 282 3
99 288 4
99 290 4
99 300 4
99 312 2
99 313 5
99 315 4
99 322 3
99 328 4
99 331 3
99 332 3
99 338 4
99 342 1
99 345 3
99 346 4
99 354 2
99 358 2
99 363 4
99 367 4
99 369 4
99 402 4
99 403 4
99 405 4
99 406 3
99 409 2
99 410 5
99 413 3
99 421 3
99 456 3
99 471 4
99 472 3
99 475 5
99 508 4
99 546 4
99 591 4
99 595 4
99 597 4
99 619 4
99 628 4
99 651 5
99 676 4
99 682 2
99 685 3
99 694 1
99 741 3
99 742 5
99 748 4
99 751 4
99 762 2
99 763 5
99 780 5
99 815 2
99 827 3
99 829 4
99 845 3
99 871 2
99 873 1
99 895 3
99 926 3
99 931 2
99 963 3
99 975 3
99 978 3
100 258 4
100 266 2
100 268 3
100 269 4
100 270 3
100 272 4
100 286 3
100 288 2
100 289 3
100 292 2
100 294 4
100 300 4
100 302 4
100 310 3
100 313 5
100 316 5
100 321 1
100 323 3
100 326 3
100 328 4
100 333 3
100 340 3
100 342 3
100 344 4
100 347 4
100 348 3
100 349 3
100 354 2
100 355 4
100 678 3
100 689 3
100 690 4
100 691 4
100 750 4
100 752 4
100 874 1
100 879 4
100 880 1
100 881 1
100 886 3
100 895 2
100 900 4
100 905 3
100 908 1
100 990 3
