101 1 3
101 7 3
101 24 4
101 50 4
101 109 2
101 111 0
101 117 0
101 118 0
101 121 0
101 122 0
101 123 0
101 125 0
101 147 0
101 151 0
101 181 0
101 222 0
101 225 0
101 237 0
101 252 0
101 255 0
101 257 0
101 278 0
101 280 0
101 281 0
101 282 0
101 284 0
101 288 0
101 304 0
101 369 0
101 370 0
101 405 0
101 411 0
101 412 0
101 471 0
101 596 0
101 597 0
101 717 0
101 742 0
101 756 0
101 815 0
101 819 0
101 820 0
101 826 0
101 829 0
101 840 0
101 841 0
101 845 0
101 846 0
101 924 0
101 926 0
101 928 0
101 975 0
101 979 0
102 5 3
102 13 3
102 29 1
102 38 2
102 47 2
102 49 0
102 50 0
102 53 0
102 55 0
102 56 0
102 62 0
102 66 0
102 67 0
102 68 0
102 70 0
102 72 0
102 73 0
102 79 0
102 82 0
102 83 0
102 88 0
102 89 0
102 91 0
102 94 0
102 95 0
102 96 0
102 98 0
102 99 0
102 101 0
102 102 0
102 117 0
102 118 0
102 121 0
102 127 0
102 144 0
102 161 0
102 163 0
102 164 0
102 167 0
102 168 0
102 173 0
102 175 0
102 176 0
102 181 0
102 182 0
102 183 0
102 184 0
102 185 0
102 186 0
102 187 0
102 188 0
102 194 0
102 195 0
102 200 0
102 201 0
102 202 0
102 204 0
102 208 0
102 210 0
102 211 0
102 217 0
102 218 0
102 219 0
102 222 0
102 226 0
102 228 0
102 230 0
102 231 0
102 233 0
102 235 0
102 239 0
102 245 0
102 248 0
102 258 0
102 260 0
102 264 0
102 265 0
102 269 0
102 271 0
102 273 0
102 286 0
102 288 0
102 294 0
102 298 0
102 300 0
102 302 0
102 307 0
102 313 0
102 319 0
102 322 0
102 326 0
102 327 0
102 328 0
102 332 0
102 334 0
102 338 0
102 350 0
102 358 0
102 363 0
102 373 0
102 385 0
102 386 0
102 391 0
102 393 0
102 396 0
102 399 0
102 403 0
102 405 0
102 409 0
102 411 0
102 418 0
102 431 0
102 432 0
102 436 0
102 443 0
102 444 0
102 445 0
102 448 0
102 450 0
102 476 0
102 501 0
102 502 0
102 510 0
102 515 0
102 522 0
102 524 0
102 530 0
102 541 0
102 546 0
102 548 0
102 554 0
102 559 0
102 565 0
102 566 0
102 568 0
102 576 0
102 577 0
102 578 0
102 588 0
102 596 0
102 597 0
102 612 0
102 625 0
102 629 0
102 635 0
102 636 0
102 650 0
102 652 0
102 655 0
102 663 0
102 665 0
102 667 0
102 671 0
102 672 0
102 675 0
102 685 0
102 686 0
102 689 0
102 720 0
102 732 0
102 734 0
102 746 0
102 748 0
102 751 0
102 768 0
102 771 0
102 778 0
102 797 0
102 809 0
102 810 0
102 823 0
102 827 0
102 831 0
102 840 0
102 841 0
102 856 0
102 866 0
102 892 0
102 930 0
102 986 0
102 993 0
103 24 4
103 50 5
103 69 3
103 96 4
103 117 4
103 118 0
103 121 0
103 126 0
103 127 0
103 144 0
103 181 0
103 204 0
103 211 0
103 222 0
103 234 0
103 250 0
103 252 0
103 255 0
103 257 0
103 300 0
103 301 0
103 405 0
103 471 0
103 487 0
103 527 0
104 3 3
104 7 3
104 10 2
104 13 3
104 15 5
104 25 0
104 50 0
104 100 0
104 111 0
104 117 0
104 122 0
104 124 0
104 126 0
104 127 0
104 130 0
104 147 0
104 150 0
104 181 0
104 235 0
104 237 0
104 245 0
104 248 0
104 249 0
104 250 0
104 255 0
104 257 0
104 258 0
104 268 0
104 269 0
104 270 0
104 271 0
104 272 0
104 273 0
104 276 0
104 282 0
104 283 0
104 285 0
104 286 0
104 287 0
104 288 0
104 289 0
104 290 0
104 293 0
104 294 0
104 299 0
104 300 0
104 301 0
104 302 0
104 307 0
104 311 0
104 312 0
104 313 0
104 316 0
104 324 0
104 325 0
104 327 0
104 330 0
104 331 0
104 332 0
104 333 0
104 342 0
104 345 0
104 346 0
104 347 0
104 354 0
104 405 0
104 411 0
104 412 0
104 456 0
104 475 0
104 508 0
104 534 0
104 544 0
104 546 0
104 591 0
104 628 0
104 713 0
104 744 0
104 748 0
104 750 0
104 751 0
104 756 0
104 823 0
104 825 0
104 827 0
104 840 0
104 845 0
104 847 0
104 871 0
104 895 0
104 926 0
104 984 0
105 258 5
105 264 2
105 268 4
105 269 4
105 270 5
105 271 0
105 272 0
105 286 0
105 288 0
105 302 0
105 307 0
105 313 0
105 324 0
105 327 0
105 333 0
105 340 0
105 690 0
105 748 0
105 752 0
106 1 4
106 8 4
106 12 4
106 14 4
106 15 3
106 22 0
106 25 0
106 28 0
106 45 0
106 48 0
106 64 0
106 69 0
106 77 0
106 86 0
106 88 0
106 97 0
106 107 0
106 161 0
106 162 0
106 165 0
106 191 0
106 194 0
106 196 0
106 210 0
106 211 0
106 213 0
106 216 0
106 223 0
106 244 0
106 273 0
106 274 0
106 275 0
106 280 0
106 285 0
106 286 0
106 313 0
106 435 0
106 495 0
106 526 0
106 566 0
106 582 0
106 584 0
106 647 0
106 660 0
106 684 0
106 692 0
106 699 0
106 703 0
106 712 0
106 739 0
106 778 0
106 828 0
106 923 0
106 956 0
107 258 4
107 259 2
107 264 3
107 268 4
107 269 5
107 271 0
107 286 0
107 288 0
107 300 0
107 302 0
107 305 0
107 312 0
107 313 0
107 321 0
107 323 0
107 333 0
107 340 0
107 902 0
108 7 5
108 10 5
108 13 3
108 14 5
108 21 3
108 50 0
108 100 0
108 121 0
108 124 0
108 125 0
108 127 0
108 137 0
108 181 0
108 222 0
108 237 0
108 252 0
108 255 0
108 275 0
108 282 0
108 284 0
108 290 0
108 294 0
108 304 0
108 319 0
108 405 0
108 471 0
108 515 0
108 718 0
108 740 0
108 748 0
108 931 0
109 1 4
109 4 2
109 5 3
109 7 4
109 8 3
109 9 0
109 11 0
109 12 0
109 15 0
109 17 0
109 29 0
109 31 0
109 42 0
109 54 0
109 55 0
109 58 0
109 62 0
109 64 0
109 67 0
109 68 0
109 69 0
109 70 0
109 71 0
109 72 0
109 77 0
109 79 0
109 81 0
109 82 0
109 88 0
109 89 0
109 90 0
109 91 0
109 94 0
109 95 0
109 96 0
109 97 0
109 98 0
109 100 0
109 101 0
109 111 0
109 117 0
109 118 0
109 121 0
109 122 0
109 125 0
109 127 0
109 131 0
109 147 0
109 154 0
109 156 0
109 157 0
109 158 0
109 159 0
109 161 0
109 162 0
109 164 0
109 168 0
109 172 0
109 173 0
109 174 0
109 176 0
109 177 0
109 178 0
109 179 0
109 181 0
109 183 0
109 186 0
109 191 0
109 195 0
109 196 0
109 200 0
109 202 0
109 204 0
109 209 0
109 210 0
109 211 0
109 214 0
109 215 0
109 216 0
109 218 0
109 222 0
109 223 0
109 227 0
109 229 0
109 230 0
109 231 0
109 233 0
109 234 0
109 237 0
109 238 0
109 239 0
109 245 0
109 248 0
109 252 0
109 258 0
109 265 0
109 278 0
109 281 0
109 282 0
109 288 0
109 291 0
109 294 0
109 295 0
109 317 0
109 318 0
109 322 0
109 323 0
109 332 0
109 356 0
109 357 0
109 365 0
109 367 0
109 373 0
109 380 0
109 386 0
109 388 0
109 391 0
109 392 0
109 393 0
109 395 0
109 402 0
109 403 0
109 405 0
109 409 0
109 411 0
109 413 0
109 423 0
109 425 0
109 431 0
109 441 0
109 449 0
109 451 0
109 452 0
109 472 0
109 475 0
109 508 0
109 520 0
109 527 0
109 531 0
109 542 0
109 545 0
109 546 0
109 550 0
109 552 0
109 559 0
109 564 0
109 566 0
109 568 0
109 576 0
109 584 0
109 588 0
109 597 0
109 627 0
109 628 0
109 631 0
109 636 0
109 655 0
109 665 0
109 672 0
109 679 0
109 715 0
109 722 0
109 732 0
109 735 0
109 739 0
109 742 0
109 748 0
109 755 0
109 762 0
109 763 0
109 790 0
109 796 0
109 797 0
109 809 0
109 820 0
109 823 0
109 834 0
109 845 0
109 849 0
109 866 0
109 928 0
109 930 0
109 931 0
109 940 0
109 944 0
109 949 0
109 975 0
109 986 0
110 2 3
110 11 4
110 12 4
110 22 4
110 28 4
110 33 0
110 38 0
110 41 0
110 43 0
110 54 0
110 55 0
110 56 0
110 64 0
110 68 0
110 69 0
110 77 0
110 79 0
110 82 0
110 88 0
110 94 0
110 96 0
110 161 0
110 173 0
110 184 0
110 188 0
110 195 0
110 196 0
110 202 0
110 204 0
110 212 0
110 215 0
110 226 0
110 230 0
110 231 0
110 232 0
110 233 0
110 245 0
110 258 0
110 272 0
110 288 0
110 294 0
110 300 0
110 301 0
110 307 0
110 313 0
110 315 0
110 325 0
110 326 0
110 327 0
110 332 0
110 333 0
110 340 0
110 366 0
110 367 0
110 376 0
110 384 0
110 385 0
110 393 0
110 397 0
110 401 0
110 402 0
110 421 0
110 423 0
110 451 0
110 468 0
110 540 0
110 550 0
110 566 0
110 568 0
110 575 0
110 578 0
110 586 0
110 642 0
110 658 0
110 682 0
110 684 0
110 688 0
110 689 0
110 692 0
110 715 0
110 732 0
110 734 0
110 748 0
110 751 0
110 759 0
110 765 0
110 779 0
110 783 0
110 790 0
110 791 0
110 794 0
110 802 0
110 806 0
110 808 0
110 849 0
110 873 0
110 895 0
110 905 0
110 944 0
111 242 4
111 258 4
111 269 5
111 272 3
111 301 4
111 302 0
111 303 0
111 305 0
111 313 0
111 315 0
111 321 0
111 326 0
111 328 0
111 333 0
111 340 0
111 344 0
111 354 0
111 887 0
111 896 0
112 245 4
112 269 3
112 272 5
112 286 4
112 289 5
112 294 0
112 300 0
112 301 0
112 302 0
112 303 0
112 306 0
112 307 0
112 310 0
112 312 0
112 316 0
112 321 0
112 322 0
112 323 0
112 325 0
112 327 0
112 331 0
112 339 0
112 346 0
112 347 0
112 354 0
112 678 0
112 689 0
112 748 0
112 750 0
112 751 0
112 754 0
112 879 0
112 887 0
112 891 0
112 903 0
112 937 0
112 984 0
113 7 3
113 9 3
113 50 5
113 100 4
113 116 3
113 124 0
113 126 0
113 127 0
113 222 0
113 237 0
113 242 0
113 245 0
113 246 0
113 255 0
113 257 0
113 258 0
113 262 0
113 268 0
113 273 0
113 277 0
113 286 0
113 288 0
113 289 0
113 292 0
113 294 0
113 303 0
113 319 0
113 321 0
113 322 0
113 323 0
113 324 0
113 325 0
113 326 0
113 327 0
113 328 0
113 329 0
113 424 0
113 508 0
113 595 0
113 678 0
113 874 0
113 948 0
113 976 0
114 56 3
114 89 5
114 96 3
114 98 4
114 100 5
114 156 0
114 157 0
114 168 0
114 175 0
114 176 0
114 179 0
114 180 0
114 182 0
114 183 0
114 186 0
114 191 0
114 195 0
114 197 0
114 204 0
114 210 0
114 269 0
114 318 0
114 357 0
114 474 0
114 482 0
114 483 0
114 485 0
114 496 0
114 505 0
114 507 0
114 520 0
114 615 0
114 640 0
114 646 0
114 654 0
114 655 0
114 659 0
114 679 0
114 855 0
115 4 4
115 7 5
115 8 5
115 9 5
115 11 4
115 12 0
115 13 0
115 20 0
115 22 0
115 23 0
115 32 0
115 33 0
115 48 0
115 50 0
115 56 0
115 69 0
115 77 0
115 82 0
115 89 0
115 92 0
115 93 0
115 96 0
115 98 0
115 121 0
115 124 0
115 127 0
115 137 0
115 172 0
115 174 0
115 176 0
115 177 0
115 178 0
115 181 0
115 183 0
115 187 0
115 228 0
115 229 0
115 234 0
115 237 0
115 240 0
115 265 0
115 269 0
115 273 0
115 279 0
115 282 0
115 284 0
115 310 0
115 317 0
115 357 0
115 431 0
115 443 0
115 462 0
115 466 0
115 470 0
115 471 0
115 475 0
115 479 0
115 496 0
115 511 0
115 530 0
115 543 0
115 596 0
115 642 0
115 654 0
115 657 0
115 673 0
115 741 0
115 762 0
115 763 0
115 847 0
115 922 0
115 952 0
115 969 0
115 980 0
116 7 2
116 11 5
116 20 3
116 47 3
116 50 3
116 65 0
116 116 0
116 137 0
116 180 0
116 181 0
116 185 0
116 187 0
116 191 0
116 193 0
116 195 0
116 199 0
116 203 0
116 221 0
116 248 0
116 250 0
116 252 0
116 253 0
116 255 0
116 257 0
116 258 0
116 259 0
116 260 0
116 262 0
116 264 0
116 268 0
116 271 0
116 272 0
116 285 0
116 286 0
116 288 0
116 289 0
116 294 0
116 297 0
116 299 0
116 301 0
116 302 0
116 303 0
116 304 0
116 306 0
116 307 0
116 310 0
116 313 0
116 315 0
116 322 0
116 323 0
116 324 0
116 325 0
116 328 0
116 331 0
116 332 0
116 333 0
116 340 0
116 344 0
116 346 0
116 347 0
116 349 0
116 350 0
116 355 0
116 358 0
116 390 0
116 421 0
116 479 0
116 484 0
116 511 0
116 515 0
116 519 0
116 531 0
116 539 0
116 582 0
116 603 0
116 604 0
116 607 0
116 640 0
116 655 0
116 661 0
116 678 0
116 730 0
116 748 0
116 750 0
116 751 0
116 758 0
116 760 0
116 806 0
116 840 0
116 872 0
116 879 0
116 880 0
116 887 0
116 888 0
116 895 0
116 896 0
116 900 0
116 902 0
116 903 0
116 905 0
116 914 0
116 942 0
116 993 0
117 1 4
117 7 3
117 11 5
117 12 5
117 15 5
117 25 0
117 33 0
117 50 0
117 56 0
117 96 0
117 98 0
117 109 0
117 117 0
117 121 0
117 122 0
117 143 0
117 144 0
117 150 0
117 151 0
117 156 0
117 168 0
117 172 0
117 173 0
117 174 0
117 176 0
117 179 0
117 181 0
117 195 0
117 210 0
117 214 0
117 222 0
117 237 0
117 240 0
117 257 0
117 258 0
117 265 0
117 268 0
117 288 0
117 298 0
117 307 0
117 313 0
117 338 0
117 358 0
117 368 0
117 405 0
117 406 0
117 410 0
117 411 0
117 421 0
117 423 0
117 546 0
117 588 0
117 596 0
117 597 0
117 628 0
117 678 0
117 742 0
117 743 0
117 748 0
117 751 0
117 758 0
117 763 0
117 772 0
117 789 0
117 829 0
117 886 0
117 928 0
117 977 0
118 7 5
118 17 3
118 22 5
118 23 5
118 32 5
118 53 0
118 55 0
118 56 0
118 79 0
118 98 0
118 132 0
118 134 0
118 135 0
118 156 0
118 164 0
118 171 0
118 172 0
118 174 0
118 175 0
118 176 0
118 180 0
118 184 0
118 185 0
118 193 0
118 200 0
118 201 0
118 210 0
118 217 0
118 218 0
118 223 0
118 258 0
118 288 0
118 320 0
118 324 0
118 396 0
118 413 0
118 421 0
118 433 0
118 436 0
118 474 0
118 475 0
118 511 0
118 513 0
118 528 0
118 547 0
118 551 0
118 558 0
118 559 0
118 564 0
118 603 0
118 641 0
118 654 0
118 655 0
118 672 0
118 675 0
118 774 0
118 800 0
118 816 0
118 844 0
118 853 0
118 919 0
118 960 0
119 9 4
119 11 5
119 12 3
119 22 4
119 23 3
119 24 0
119 25 0
119 40 0
119 50 0
119 52 0
119 54 0
119 56 0
119 70 0
119 82 0
119 83 0
119 86 0
119 87 0
119 89 0
119 96 0
119 100 0
119 105 0
119 109 0
119 111 0
119 117 0
119 121 0
119 125 0
119 132 0
119 137 0
119 144 0
119 147 0
119 154 0
119 168 0
119 174 0
119 181 0
119 182 0
119 188 0
119 193 0
119 199 0
119 209 0
119 210 0
119 213 0
119 222 0
119 226 0
119 235 0
119 237 0
119 245 0
119 250 0
119 252 0
119 254 0
119 255 0
119 259 0
119 268 0
119 269 0
119 272 0
119 274 0
119 275 0
119 276 0
119 277 0
119 282 0
119 286 0
119 288 0
119 294 0
119 300 0
119 301 0
119 310 0
119 313 0
119 322 0
119 328 0
119 329 0
119 332 0
119 338 0
119 340 0
119 348 0
119 354 0
119 382 0
119 385 0
119 392 0
119 405 0
119 407 0
119 410 0
119 412 0
119 451 0
119 455 0
119 459 0
119 472 0
119 486 0
119 506 0
119 511 0
119 526 0
119 537 0
119 544 0
119 546 0
119 550 0
119 562 0
119 568 0
119 591 0
119 595 0
119 597 0
119 616 0
119 628 0
119 658 0
119 684 0
119 685 0
119 689 0
119 697 0
119 710 0
119 716 0
119 717 0
119 718 0
119 741 0
119 742 0
119 755 0
119 762 0
119 813 0
119 823 0
119 825 0
119 826 0
119 829 0
119 831 0
119 845 0
119 866 0
119 879 0
119 916 0
119 917 0
119 930 0
119 931 0
119 977 0
119 982 0
119 986 0
119 995 0
120 1 4
120 9 4
120 15 4
120 25 5
120 117 3
120 121 0
120 125 0
120 148 0
120 237 0
120 245 0
120 252 0
120 257 0
120 258 0
120 282 0
120 286 0
120 405 0
120 546 0
120 742 0
120 827 0
120 924 0
121 9 5
121 14 5
121 57 5
121 83 4
121 86 5
121 98 0
121 100 0
121 117 0
121 118 0
121 121 0
121 122 0
121 124 0
121 125 0
121 126 0
121 127 0
121 135 0
121 137 0
121 156 0
121 165 0
121 174 0
121 180 0
121 181 0
121 192 0
121 197 0
121 235 0
121 237 0
121 249 0
121 250 0
121 275 0
121 276 0
121 282 0
121 291 0
121 294 0
121 298 0
121 300 0
121 313 0
121 347 0
121 357 0
121 405 0
121 411 0
121 427 0
121 428 0
121 472 0
121 479 0
121 508 0
121 509 0
121 514 0
121 515 0
121 546 0
121 582 0
121 595 0
121 628 0
121 631 0
121 644 0
121 717 0
121 740 0
121 742 0
121 744 0
121 792 0
121 937 0
122 11 1
122 46 5
122 69 2
122 70 5
122 83 5
122 135 0
122 175 0
122 180 0
122 187 0
122 190 0
122 191 0
122 193 0
122 212 0
122 214 0
122 215 0
122 269 0
122 378 0
122 382 0
122 387 0
122 403 0
122 423 0
122 427 0
122 429 0
122 464 0
122 469 0
122 470 0
122 509 0
122 510 0
122 511 0
122 553 0
122 570 0
122 582 0
122 660 0
122 661 0
122 673 0
122 708 0
122 715 0
122 724 0
122 727 0
122 736 0
122 737 0
122 792 0
122 956 0
123 9 5
123 13 3
123 22 4
123 23 4
123 50 3
123 64 0
123 98 0
123 100 0
123 127 0
123 132 0
123 135 0
123 143 0
123 165 0
123 182 0
123 192 0
123 197 0
123 242 0
123 255 0
123 275 0
123 276 0
123 285 0
123 286 0
123 289 0
123 319 0
123 427 0
123 432 0
123 435 0
123 462 0
123 479 0
123 480 0
123 482 0
123 483 0
123 485 0
123 487 0
123 504 0
123 511 0
123 514 0
123 523 0
123 531 0
123 606 0
123 657 0
123 704 0
123 707 0
123 735 0
123 847 0
123 962 0
124 7 4
124 11 5
124 28 3
124 50 3
124 79 3
124 96 0
124 98 0
124 117 0
124 144 0
124 154 0
124 157 0
124 166 0
124 168 0
124 172 0
124 173 0
124 174 0
124 195 0
124 209 0
124 226 0
124 474 0
124 496 0
124 550 0
124 616 0
125 1 4
125 8 4
125 21 3
125 22 5
125 25 1
125 28 0
125 41 0
125 49 0
125 50 0
125 56 0
125 63 0
125 64 0
125 69 0
125 70 0
125 72 0
125 73 0
125 79 0
125 80 0
125 83 0
125 87 0
125 88 0
125 90 0
125 94 0
125 97 0
125 98 0
125 105 0
125 109 0
125 111 0
125 116 0
125 117 0
125 120 0
125 122 0
125 134 0
125 136 0
125 143 0
125 144 0
125 150 0
125 152 0
125 153 0
125 158 0
125 163 0
125 172 0
125 173 0
125 174 0
125 175 0
125 176 0
125 181 0
125 186 0
125 190 0
125 191 0
125 194 0
125 195 0
125 198 0
125 201 0
125 202 0
125 204 0
125 208 0
125 209 0
125 210 0
125 211 0
125 216 0
125 235 0
125 236 0
125 238 0
125 239 0
125 258 0
125 269 0
125 270 0
125 275 0
125 283 0
125 290 0
125 294 0
125 300 0
125 318 0
125 323 0
125 340 0
125 346 0
125 357 0
125 364 0
125 367 0
125 369 0
125 372 0
125 376 0
125 382 0
125 383 0
125 384 0
125 386 0
125 388 0
125 393 0
125 395 0
125 399 0
125 401 0
125 407 0
125 411 0
125 412 0
125 427 0
125 430 0
125 434 0
125 435 0
125 451 0
125 455 0
125 474 0
125 475 0
125 478 0
125 479 0
125 482 0
125 483 0
125 485 0
125 493 0
125 496 0
125 498 0
125 508 0
125 511 0
125 513 0
125 520 0
125 568 0
125 577 0
125 585 0
125 615 0
125 648 0
125 657 0
125 659 0
125 687 0
125 692 0
125 705 0
125 709 0
125 722 0
125 728 0
125 732 0
125 734 0
125 746 0
125 748 0
125 751 0
125 756 0
125 780 0
125 781 0
125 785 0
125 790 0
125 796 0
125 801 0
125 813 0
125 864 0
125 914 0
125 926 0
125 940 0
125 945 0
125 949 0
125 996 0
125 997 0
125 999 0
125 1000 0
126 243 5
126 245 3
126 258 4
126 260 1
126 262 4
126 266 0
126 272 0
126 288 0
126 289 0
126 294 0
126 300 0
126 302 0
126 311 0
126 313 0
126 315 0
126 319 0
126 322 0
126 323 0
126 326 0
126 327 0
126 328 0
126 332 0
126 333 0
126 337 0
126 340 0
126 344 0
126 346 0
126 350 0
126 353 0
126 678 0
126 681 0
126 682 0
126 690 0
126 751 0
126 752 0
126 878 0
126 884 0
126 905 0
127 62 5
127 222 5
127 227 4
127 228 5
127 229 5
127 243 0
127 258 0
127 268 0
127 271 0
127 286 0
127 288 0
127 294 0
127 300 0
127 343 0
127 380 0
127 449 0
127 450 0
127 748 0
127 750 0
127 901 0
128 1 4
128 14 5
128 15 4
128 25 3
128 26 4
128 48 0
128 50 0
128 54 0
128 56 0
128 58 0
128 64 0
128 65 0
128 66 0
128 70 0
128 71 0
128 73 0
128 77 0
128 79 0
128 82 0
128 83 0
128 86 0
128 88 0
128 97 0
128 98 0
128 99 0
128 111 0
128 118 0
128 121 0
128 131 0
128 132 0
128 133 0
128 136 0
128 140 0
128 143 0
128 151 0
128 159 0
128 161 0
128 168 0
128 172 0
128 173 0
128 174 0
128 179 0
128 181 0
128 182 0
128 190 0
128 191 0
128 193 0
128 196 0
128 197 0
128 202 0
128 204 0
128 209 0
128 210 0
128 213 0
128 215 0
128 216 0
128 218 0
128 220 0
128 222 0
128 227 0
128 228 0
128 237 0
128 238 0
128 245 0
128 265 0
128 268 0
128 274 0
128 276 0
128 280 0
128 282 0
128 283 0
128 284 0
128 294 0
128 300 0
128 317 0
128 319 0
128 322 0
128 328 0
128 340 0
128 367 0
128 371 0
128 378 0
128 381 0
128 387 0
128 392 0
128 393 0
128 402 0
128 404 0
128 405 0
128 417 0
128 418 0
128 419 0
128 422 0
128 423 0
128 425 0
128 427 0
128 432 0
128 433 0
128 451 0
128 465 0
128 471 0
128 478 0
128 482 0
128 483 0
128 485 0
128 487 0
128 490 0
128 494 0
128 497 0
128 499 0
128 501 0
128 505 0
128 508 0
128 568 0
128 588 0
128 591 0
128 602 0
128 603 0
128 605 0
128 609 0
128 614 0
128 622 0
128 651 0
128 652 0
128 655 0
128 660 0
128 684 0
128 685 0
128 686 0
128 690 0
128 692 0
128 705 0
128 715 0
128 723 0
128 729 0
128 732 0
128 736 0
128 739 0
128 742 0
128 747 0
128 763 0
128 770 0
128 785 0
128 790 0
128 815 0
128 838 0
128 869 0
128 873 0
128 924 0
128 942 0
128 949 0
128 955 0
128 965 0
128 966 0
129 242 4
129 245 2
129 258 2
129 268 1
129 269 4
129 270 0
129 272 0
129 286 0
129 288 0
129 302 0
129 303 0
129 304 0
129 307 0
129 311 0
129 313 0
129 327 0
129 331 0
129 339 0
129 678 0
129 748 0
129 873 0
129 882 0
129 903 0
129 906 0
129 995 0
130 1 5
130 2 4
130 3 5
130 4 2
130 5 4
130 11 0
130 12 0
130 22 0
130 24 0
130 27 0
130 28 0
130 29 0
130 31 0
130 33 0
130 38 0
130 39 0
130 41 0
130 42 0
130 44 0
130 47 0
130 49 0
130 50 0
130 53 0
130 54 0
130 55 0
130 56 0
130 58 0
130 62 0
130 63 0
130 64 0
130 65 0
130 66 0
130 67 0
130 68 0
130 69 0
130 71 0
130 79 0
130 82 0
130 84 0
130 89 0
130 90 0
130 94 0
130 95 0
130 98 0
130 99 0
130 100 0
130 105 0
130 109 0
130 111 0
130 118 0
130 122 0
130 125 0
130 128 0
130 132 0
130 134 0
130 143 0
130 147 0
130 148 0
130 150 0
130 156 0
130 158 0
130 159 0
130 161 0
130 168 0
130 172 0
130 173 0
130 174 0
130 176 0
130 179 0
130 181 0
130 183 0
130 184 0
130 185 0
130 188 0
130 195 0
130 196 0
130 200 0
130 202 0
130 204 0
130 206 0
130 210 0
130 215 0
130 216 0
130 217 0
130 218 0
130 222 0
130 226 0
130 227 0
130 228 0
130 229 0
130 230 0
130 231 0
130 234 0
130 235 0
130 236 0
130 237 0
130 240 0
130 243 0
130 245 0
130 246 0
130 248 0
130 249 0
130 250 0
130 252 0
130 254 0
130 255 0
130 261 0
130 262 0
130 267 0
130 268 0
130 269 0
130 270 0
130 271 0
130 276 0
130 281 0
130 282 0
130 284 0
130 286 0
130 288 0
130 289 0
130 290 0
130 294 0
130 295 0
130 298 0
130 299 0
130 305 0
130 307 0
130 313 0
130 315 0
130 316 0
130 321 0
130 322 0
130 328 0
130 329 0
130 331 0
130 332 0
130 333 0
130 335 0
130 342 0
130 343 0
130 346 0
130 353 0
130 354 0
130 356 0
130 357 0
130 358 0
130 363 0
130 366 0
130 367 0
130 374 0
130 379 0
130 385 0
130 392 0
130 393 0
130 398 0
130 403 0
130 405 0
130 407 0
130 410 0
130 411 0
130 412 0
130 413 0
130 418 0
130 420 0
130 423 0
130 426 0
130 427 0
130 433 0
130 436 0
130 443 0
130 449 0
130 450 0
130 452 0
130 453 0
130 455 0
130 465 0
130 469 0
130 470 0
130 472 0
130 475 0
130 477 0
130 496 0
130 501 0
130 508 0
130 527 0
130 531 0
130 532 0
130 534 0
130 538 0
130 541 0
130 542 0
130 546 0
130 550 0
130 554 0
130 555 0
130 564 0
130 565 0
130 566 0
130 567 0
130 568 0
130 569 0
130 572 0
130 578 0
130 588 0
130 589 0
130 596 0
130 597 0
130 619 0
130 622 0
130 625 0
130 627 0
130 642 0
130 658 0
130 665 0
130 669 0
130 672 0
130 678 0
130 682 0
130 684 0
130 685 0
130 689 0
130 692 0
130 717 0
130 721 0
130 729 0
130 731 0
130 739 0
130 742 0
130 743 0
130 746 0
130 748 0
130 756 0
130 763 0
130 765 0
130 769 0
130 772 0
130 779 0
130 798 0
130 800 0
130 806 0
130 808 0
130 815 0
130 816 0
130 827 0
130 833 0
130 864 0
130 876 0
130 881 0
130 888 0
130 890 0
130 892 0
130 894 0
130 895 0
130 901 0
130 929 0
130 930 0
130 931 0
130 932 0
130 934 0
130 939 0
130 940 0
130 944 0
130 946 0
130 949 0
130 959 0
130 974 0
130 975 0
130 982 0
130 993 0
131 1 4
131 9 5
131 14 5
131 19 4
131 100 5
131 124 0
131 126 0
131 127 0
131 137 0
131 221 0
131 242 0
131 251 0
131 269 0
131 274 0
131 275 0
131 276 0
131 285 0
131 286 0
131 293 0
131 302 0
131 313 0
131 744 0
131 750 0
131 813 0
131 845 0
132 12 4
132 50 3
132 56 5
132 124 4
132 127 4
132 137 0
132 151 0
132 154 0
132 175 0
132 251 0
132 275 0
132 285 0
132 286 0
132 484 0
132 521 0
132 523 0
132 922 0
133 243 3
133 245 3
133 258 5
133 260 1
133 269 4
133 272 0
133 294 0
133 300 0
133 304 0
133 308 0
133 313 0
133 315 0
133 316 0
133 322 0
133 328 0
133 343 0
133 346 0
133 749 0
133 750 0
133 751 0
133 902 0
134 1 5
134 15 5
134 258 4
134 259 2
134 286 3
134 300 0
134 301 0
134 302 0
134 313 0
134 315 0
134 316 0
134 323 0
134 326 0
134 328 0
134 339 0
134 539 0
134 748 0
134 751 0
134 879 0
134 892 0
135 12 4
135 23 4
135 33 3
135 39 3
135 54 3
135 55 0
135 56 0
135 77 0
135 79 0
135 98 0
135 173 0
135 176 0
135 183 0
135 185 0
135 203 0
135 227 0
135 228 0
135 229 0
135 230 0
135 233 0
135 234 0
135 258 0
135 260 0
135 265 0
135 288 0
135 294 0
135 321 0
135 324 0
135 325 0
135 327 0
135 379 0
135 431 0
135 443 0
135 449 0
135 452 0
135 470 0
135 475 0
135 504 0
135 564 0
135 566 0
135 603 0
135 642 0
135 653 0
135 744 0
135 802 0
135 939 0
135 943 0
136 9 5
136 14 5
136 15 4
136 19 4
136 42 3
136 56 0
136 89 0
136 100 0
136 116 0
136 117 0
136 124 0
136 127 0
136 137 0
136 204 0
136 223 0
136 237 0
136 269 0
136 275 0
136 276 0
136 283 0
136 286 0
136 298 0
136 303 0
136 313 0
136 318 0
136 475 0
136 515 0
136 525 0
136 647 0
136 744 0
136 747 0
136 847 0
137 1 3
137 15 4
137 50 5
137 51 1
137 55 5
137 89 0
137 117 0
137 118 0
137 121 0
137 144 0
137 172 0
137 174 0
137 181 0
137 183 0
137 195 0
137 210 0
137 222 0
137 235 0
137 237 0
137 243 0
137 249 0
137 250 0
137 257 0
137 260 0
137 261 0
137 266 0
137 289 0
137 300 0
137 327 0
137 385 0
137 405 0
137 411 0
137 472 0
137 476 0
137 546 0
137 597 0
137 680 0
137 687 0
137 748 0
137 866 0
137 892 0
138 12 5
138 13 4
138 15 4
138 26 5
138 45 5
138 56 0
138 98 0
138 100 0
138 111 0
138 116 0
138 117 0
138 121 0
138 133 0
138 137 0
138 150 0
138 151 0
138 182 0
138 185 0
138 187 0
138 194 0
138 209 0
138 211 0
138 222 0
138 238 0
138 285 0
138 318 0
138 357 0
138 435 0
138 483 0
138 484 0
138 487 0
138 493 0
138 496 0
138 509 0
138 513 0
138 514 0
138 517 0
138 518 0
138 519 0
138 523 0
138 602 0
138 603 0
138 614 0
138 617 0
138 662 0
139 100 5
139 127 5
139 150 4
139 222 3
139 242 3
139 246 0
139 268 0
139 286 0
139 288 0
139 296 0
139 297 0
139 302 0
139 303 0
139 307 0
139 458 0
139 460 0
139 508 0
139 676 0
139 740 0
140 245 3
140 258 3
140 268 4
140 286 5
140 289 4
140 294 0
140 301 0
140 302 0
140 304 0
140 319 0
140 322 0
140 325 0
140 332 0
140 334 0
140 872 0
140 873 0
140 880 0
141 1 3
141 7 5
141 15 5
141 25 5
141 50 4
141 100 0
141 106 0
141 117 0
141 118 0
141 120 0
141 121 0
141 125 0
141 126 0
141 127 0
141 147 0
141 151 0
141 222 0
141 225 0
141 235 0
141 237 0
141 244 0
141 245 0
141 248 0
141 250 0
141 252 0
141 255 0
141 257 0
141 258 0
141 259 0
141 261 0
141 274 0
141 276 0
141 279 0
141 281 0
141 282 0
141 284 0
141 286 0
141 288 0
141 290 0
141 291 0
141 292 0
141 293 0
141 295 0
141 298 0
141 300 0
141 313 0
141 322 0
141 323 0
141 328 0
141 330 0
141 333 0
141 335 0
141 346 0
141 405 0
141 407 0
141 409 0
141 410 0
141 471 0
141 472 0
141 476 0
141 535 0
141 546 0
141 597 0
141 619 0
141 676 0
141 678 0
141 696 0
141 717 0
141 744 0
141 748 0
141 750 0
141 756 0
141 815 0
141 823 0
141 825 0
141 826 0
141 831 0
141 864 0
141 871 0
141 872 0
141 880 0
141 926 0
141 930 0
141 932 0
141 974 0
141 985 0
142 7 4
142 28 4
142 55 2
142 82 4
142 89 3
142 124 0
142 147 0
142 169 0
142 176 0
142 181 0
142 186 0
142 189 0
142 243 0
142 259 0
142 288 0
142 294 0
142 315 0
142 333 0
142 346 0
142 350 0
142 358 0
142 362 0
142 408 0
142 425 0
142 463 0
142 514 0
142 895 0
143 272 4
143 294 3
143 307 4
143 313 5
143 315 4
143 323 0
143 325 0
143 326 0
143 328 0
143 331 0
143 333 0
143 347 0
143 682 0
144 1 4
144 4 4
144 8 4
144 9 5
144 12 4
144 14 0
144 15 0
144 19 0
144 20 0
144 22 0
144 24 0
144 31 0
144 32 0
144 33 0
144 48 0
144 50 0
144 54 0
144 55 0
144 61 0
144 62 0
144 64 0
144 65 0
144 66 0
144 68 0
144 69 0
144 70 0
144 73 0
144 87 0
144 89 0
144 91 0
144 93 0
144 96 0
144 98 0
144 105 0
144 106 0
144 116 0
144 117 0
144 124 0
144 125 0
144 127 0
144 129 0
144 135 0
144 144 0
144 147 0
144 153 0
144 160 0
144 165 0
144 172 0
144 173 0
144 174 0
144 176 0
144 180 0
144 181 0
144 182 0
144 187 0
144 190 0
144 191 0
144 193 0
144 194 0
144 195 0
144 196 0
144 197 0
144 204 0
144 209 0
144 213 0
144 215 0
144 216 0
144 221 0
144 234 0
144 237 0
144 242 0
144 244 0
144 248 0
144 251 0
144 257 0
144 258 0
144 262 0
144 271 0
144 273 0
144 274 0
144 280 0
144 281 0
144 282 0
144 285 0
144 286 0
144 288 0
144 293 0
144 297 0
144 298 0
144 300 0
144 302 0
144 303 0
144 304 0
144 307 0
144 313 0
144 316 0
144 318 0
144 319 0
144 326 0
144 327 0
144 328 0
144 333 0
144 343 0
144 357 0
144 393 0
144 403 0
144 405 0
144 410 0
144 423 0
144 435 0
144 454 0
144 461 0
144 466 0
144 470 0
144 471 0
144 474 0
144 475 0
144 476 0
144 478 0
144 480 0
144 500 0
144 508 0
144 514 0
144 516 0
144 518 0
144 521 0
144 523 0
144 524 0
144 528 0
144 531 0
144 533 0
144 588 0
144 591 0
144 597 0
144 632 0
144 647 0
144 651 0
144 654 0
144 655 0
144 685 0
144 699 0
144 707 0
144 709 0
144 713 0
144 727 0
144 729 0
144 742 0
144 747 0
144 750 0
144 751 0
144 762 0
144 778 0
144 785 0
144 815 0
144 823 0
144 831 0
144 845 0
144 847 0
144 855 0
144 880 0
144 900 0
144 942 0
144 956 0
144 960 0
144 961 0
144 963 0
145 1 3
145 3 3
145 5 3
145 7 5
145 12 5
145 13 0
145 15 0
145 17 0
145 22 0
145 23 0
145 25 0
145 31 0
145 38 0
145 39 0
145 42 0
145 44 0
145 50 0
145 51 0
145 54 0
145 55 0
145 56 0
145 62 0
145 66 0
145 69 0
145 79 0
145 88 0
145 89 0
145 100 0
145 105 0
145 106 0
145 109 0
145 111 0
145 117 0
145 120 0
145 122 0
145 123 0
145 134 0
145 135 0
145 150 0
145 155 0
145 156 0
145 159 0
145 164 0
145 172 0
145 173 0
145 174 0
145 176 0
145 181 0
145 182 0
145 183 0
145 185 0
145 195 0
145 200 0
145 202 0
145 203 0
145 209 0
145 212 0
145 216 0
145 217 0
145 219 0
145 222 0
145 227 0
145 229 0
145 230 0
145 236 0
145 237 0
145 238 0
145 242 0
145 246 0
145 250 0
145 257 0
145 258 0
145 259 0
145 260 0
145 265 0
145 266 0
145 270 0
145 273 0
145 274 0
145 275 0
145 276 0
145 278 0
145 281 0
145 282 0
145 284 0
145 286 0
145 294 0
145 298 0
145 299 0
145 300 0
145 301 0
145 302 0
145 304 0
145 312 0
145 313 0
145 315 0
145 316 0
145 327 0
145 328 0
145 329 0
145 331 0
145 339 0
145 342 0
145 343 0
145 346 0
145 347 0
145 348 0
145 352 0
145 354 0
145 355 0
145 356 0
145 358 0
145 363 0
145 368 0
145 379 0
145 380 0
145 393 0
145 394 0
145 405 0
145 406 0
145 407 0
145 410 0
145 411 0
145 412 0
145 413 0
145 431 0
145 443 0
145 447 0
145 448 0
145 450 0
145 452 0
145 454 0
145 460 0
145 470 0
145 471 0
145 472 0
145 477 0
145 486 0
145 510 0
145 515 0
145 546 0
145 549 0
145 552 0
145 553 0
145 554 0
145 558 0
145 559 0
145 563 0
145 566 0
145 569 0
145 572 0
145 574 0
145 591 0
145 592 0
145 595 0
145 597 0
145 603 0
145 620 0
145 631 0
145 635 0
145 636 0
145 637 0
145 642 0
145 650 0
145 652 0
145 665 0
145 672 0
145 673 0
145 674 0
145 678 0
145 680 0
145 682 0
145 683 0
145 684 0
145 685 0
145 687 0
145 688 0
145 690 0
145 692 0
145 696 0
145 713 0
145 717 0
145 727 0
145 728 0
145 731 0
145 732 0
145 737 0
145 738 0
145 739 0
145 743 0
145 750 0
145 751 0
145 752 0
145 756 0
145 760 0
145 761 0
145 762 0
145 763 0
145 764 0
145 767 0
145 770 0
145 771 0
145 789 0
145 796 0
145 800 0
145 816 0
145 820 0
145 821 0
145 823 0
145 825 0
145 826 0
145 831 0
145 859 0
145 877 0
145 879 0
145 890 0
145 892 0
145 894 0
145 895 0
145 896 0
145 898 0
145 901 0
145 924 0
145 925 0
145 928 0
145 929 0
145 930 0
145 933 0
145 934 0
145 939 0
145 949 0
145 974 0
145 977 0
145 979 0
145 983 0
145 988 0
145 993 0
146 245 5
146 258 4
146 262 4
146 271 3
146 272 5
146 300 0
146 301 0
146 302 0
146 307 0
146 313 0
146 315 0
146 319 0
146 327 0
146 328 0
146 331 0
146 336 0
146 340 0
146 345 0
146 346 0
146 347 0
146 688 0
147 258 4
147 269 4
147 270 3
147 292 5
147 301 5
147 304 0
147 305 0
147 313 0
147 319 0
147 339 0
147 340 0
147 345 0
147 690 0
147 750 0
147 751 0
147 898 0
147 904 0
147 937 0
148 1 4
148 7 5
148 8 4
148 50 5
148 56 5
148 69 0
148 70 0
148 71 0
148 78 0
148 89 0
148 98 0
148 114 0
148 116 0
148 132 0
148 135 0
148 140 0
148 151 0
148 163 0
148 168 0
148 169 0
148 172 0
148 175 0
148 177 0
148 181 0
148 185 0
148 190 0
148 191 0
148 204 0
148 209 0
148 214 0
148 222 0
148 227 0
148 228 0
148 234 0
148 357 0
148 408 0
148 418 0
148 432 0
148 473 0
148 474 0
148 495 0
148 496 0
148 501 0
148 507 0
148 509 0
148 521 0
148 529 0
148 549 0
148 588 0
148 596 0
148 663 0
148 713 0
148 993 0
149 245 3
149 258 3
149 262 1
149 268 4
149 269 5
149 272 0
149 286 0
149 300 0
149 301 0
149 302 0
149 305 0
149 308 0
149 310 0
149 312 0
149 319 0
149 321 0
149 323 0
149 325 0
149 326 0
149 327 0
149 328 0
149 337 0
149 338 0
149 346 0
149 678 0
149 689 0
149 874 0
149 896 0
150 1 4
150 13 4
150 50 5
150 93 4
150 100 2
150 121 0
150 127 0
150 129 0
150 147 0
150 151 0
150 181 0
150 221 0
150 235 0
150 246 0
150 268 0
150 273 0
150 276 0
150 278 0
150 288 0
150 293 0
150 319 0
150 324 0
150 325 0
150 410 0
150 458 0
150 475 0
150 628 0
151 1 5
151 4 5
151 7 4
151 9 4
151 10 5
151 12 0
151 13 0
151 14 0
151 15 0
151 25 0
151 26 0
151 31 0
151 33 0
151 44 0
151 47 0
151 49 0
151 50 0
151 51 0
151 52 0
151 56 0
151 58 0
151 64 0
151 65 0
151 66 0
151 69 0
151 70 0
151 79 0
151 81 0
151 82 0
151 83 0
151 86 0
151 87 0
151 88 0
151 89 0
151 91 0
151 93 0
151 97 0
151 98 0
151 100 0
151 111 0
151 114 0
151 118 0
151 121 0
151 125 0
151 131 0
151 132 0
151 133 0
151 134 0
151 136 0
151 137 0
151 147 0
151 151 0
151 152 0
151 153 0
151 154 0
151 160 0
151 162 0
151 163 0
151 164 0
151 168 0
151 169 0
151 170 0
151 171 0
151 172 0
151 175 0
151 176 0
151 178 0
151 181 0
151 183 0
151 185 0
151 186 0
151 189 0
151 191 0
151 193 0
151 194 0
151 195 0
151 196 0
151 197 0
151 198 0
151 199 0
151 200 0
151 203 0
151 204 0
151 208 0
151 209 0
151 210 0
151 211 0
151 213 0
151 215 0
151 216 0
151 222 0
151 223 0
151 224 0
151 227 0
151 228 0
151 230 0
151 231 0
151 234 0
151 238 0
151 241 0
151 260 0
151 265 0
151 274 0
151 275 0
151 286 0
151 287 0
151 290 0
151 300 0
151 302 0
151 317 0
151 318 0
151 321 0
151 322 0
151 328 0
151 356 0
151 357 0
151 371 0
151 372 0
151 378 0
151 381 0
151 382 0
151 387 0
151 393 0
151 402 0
151 405 0
151 408 0
151 411 0
151 414 0
151 417 0
151 419 0
151 420 0
151 425 0
151 428 0
151 429 0
151 430 0
151 432 0
151 433 0
151 435 0
151 443 0
151 448 0
151 451 0
151 461 0
151 462 0
151 463 0
151 464 0
151 466 0
151 469 0
151 470 0
151 473 0
151 474 0
151 476 0
151 478 0
151 480 0
151 481 0
151 482 0
151 483 0
151 484 0
151 485 0
151 486 0
151 487 0
151 488 0
151 489 0
151 490 0
151 492 0
151 494 0
151 496 0
151 497 0
151 499 0
151 503 0
151 504 0
151 505 0
151 506 0
151 507 0
151 509 0
151 512 0
151 514 0
151 516 0
151 517 0
151 522 0
151 523 0
151 525 0
151 528 0
151 529 0
151 546 0
151 549 0
151 561 0
151 566 0
151 582 0
151 584 0
151 602 0
151 603 0
151 605 0
151 606 0
151 609 0
151 614 0
151 627 0
151 628 0
151 631 0
151 632 0
151 633 0
151 638 0
151 642 0
151 652 0
151 654 0
151 655 0
151 657 0
151 659 0
151 660 0
151 661 0
151 662 0
151 663 0
151 675 0
151 684 0
151 692 0
151 699 0
151 702 0
151 703 0
151 707 0
151 709 0
151 716 0
151 724 0
151 729 0
151 732 0
151 735 0
151 736 0
151 741 0
151 747 0
151 748 0
151 755 0
151 761 0
151 770 0
151 775 0
151 781 0
151 782 0
151 792 0
151 813 0
151 826 0
151 835 0
151 837 0
151 845 0
151 847 0
151 919 0
151 929 0
151 939 0
151 952 0
151 953 0
151 956 0
151 962 0
151 965 0
151 969 0
151 971 0
151 972 0
152 8 5
152 15 5
152 21 3
152 22 5
152 25 3
152 49 0
152 51 0
152 66 0
152 67 0
152 69 0
152 71 0
152 80 0
152 97 0
152 98 0
152 111 0
152 117 0
152 120 0
152 121 0
152 125 0
152 132 0
152 133 0
152 143 0
152 147 0
152 151 0
152 153 0
152 155 0
152 157 0
152 161 0
152 162 0
152 167 0
152 173 0
152 191 0
152 204 0
152 215 0
152 220 0
152 234 0
152 237 0
152 241 0
152 255 0
152 272 0
152 274 0
152 275 0
152 278 0
152 280 0
152 284 0
152 286 0
152 301 0
152 313 0
152 354 0
152 364 0
152 371 0
152 402 0
152 410 0
152 411 0
152 412 0
152 423 0
152 483 0
152 487 0
152 504 0
152 527 0
152 549 0
152 596 0
152 632 0
152 685 0
152 692 0
152 699 0
152 716 0
152 720 0
152 724 0
152 739 0
152 740 0
152 775 0
152 778 0
152 780 0
152 781 0
152 783 0
152 785 0
152 790 0
152 794 0
152 845 0
152 866 0
152 871 0
152 966 0
153 22 2
153 50 1
153 56 5
153 64 5
153 79 5
153 127 0
153 172 0
153 174 0
153 181 0
153 182 0
153 216 0
153 258 0
153 265 0
153 294 0
153 321 0
153 323 0
153 325 0
153 357 0
153 510 0
153 678 0
154 50 5
154 61 4
154 89 5
154 135 5
154 137 3
154 143 0
154 174 0
154 175 0
154 182 0
154 191 0
154 197 0
154 202 0
154 211 0
154 222 0
154 238 0
154 242 0
154 258 0
154 286 0
154 288 0
154 289 0
154 302 0
154 324 0
154 333 0
154 357 0
154 414 0
154 462 0
154 474 0
154 479 0
154 480 0
154 482 0
154 484 0
154 488 0
154 515 0
154 527 0
154 640 0
154 642 0
154 651 0
154 708 0
154 806 0
154 874 0
154 919 0
154 945 0
155 286 4
155 288 3
155 292 3
155 294 3
155 319 3
155 321 0
155 323 0
155 324 0
155 325 0
155 326 0
155 327 0
155 328 0
155 331 0
155 332 0
155 748 0
155 988 0
155 990 0
156 11 2
156 12 3
156 22 3
156 48 4
156 58 4
156 64 0
156 83 0
156 86 0
156 124 0
156 137 0
156 178 0
156 180 0
156 187 0
156 192 0
156 197 0
156 205 0
156 211 0
156 276 0
156 317 0
156 318 0
156 346 0
156 357 0
156 510 0
156 515 0
156 641 0
156 651 0
156 661 0
156 772 0
156 806 0
157 1 5
157 3 3
157 25 3
157 50 4
157 93 3
157 100 0
157 111 0
157 117 0
157 118 0
157 120 0
157 127 0
157 137 0
157 147 0
157 150 0
157 250 0
157 255 0
157 268 0
157 269 0
157 273 0
157 274 0
157 276 0
157 283 0
157 286 0
157 289 0
157 290 0
157 293 0
157 298 0
157 313 0
157 340 0
157 405 0
157 407 0
157 410 0
157 476 0
157 508 0
157 515 0
157 597 0
157 685 0
157 740 0
157 748 0
157 934 0
158 1 4
158 8 5
158 10 4
158 11 4
158 20 4
158 24 0
158 29 0
158 38 0
158 39 0
158 42 0
158 50 0
158 53 0
158 55 0
158 56 0
158 62 0
158 68 0
158 72 0
158 79 0
158 82 0
158 85 0
158 89 0
158 92 0
158 96 0
158 100 0
158 111 0
158 116 0
158 117 0
158 118 0
158 120 0
158 121 0
158 123 0
158 124 0
158 127 0
158 128 0
158 129 0
158 137 0
158 144 0
158 148 0
158 149 0
158 154 0
158 161 0
158 163 0
158 168 0
158 172 0
158 173 0
158 174 0
158 175 0
158 176 0
158 177 0
158 181 0
158 182 0
158 183 0
158 184 0
158 186 0
158 187 0
158 188 0
158 190 0
158 194 0
158 202 0
158 204 0
158 209 0
158 216 0
158 217 0
158 221 0
158 222 0
158 226 0
158 227 0
158 228 0
158 229 0
158 231 0
158 232 0
158 233 0
158 235 0
158 238 0
158 239 0
158 241 0
158 244 0
158 250 0
158 252 0
158 271 0
158 273 0
158 275 0
158 277 0
158 283 0
158 284 0
158 286 0
158 293 0
158 325 0
158 367 0
158 373 0
158 399 0
158 403 0
158 408 0
158 410 0
158 414 0
158 430 0
158 433 0
158 435 0
158 449 0
158 450 0
158 455 0
158 471 0
158 472 0
158 483 0
158 502 0
158 510 0
158 511 0
158 516 0
158 525 0
158 530 0
158 544 0
158 546 0
158 550 0
158 562 0
158 566 0
158 568 0
158 570 0
158 576 0
158 580 0
158 583 0
158 593 0
158 636 0
158 652 0
158 659 0
158 665 0
158 684 0
158 686 0
158 694 0
158 729 0
158 731 0
158 742 0
158 744 0
158 745 0
158 770 0
158 797 0
158 798 0
158 803 0
158 809 0
158 810 0
158 823 0
158 825 0
158 866 0
158 985 0
159 7 5
159 24 5
159 25 5
159 67 1
159 72 3
159 96 0
159 103 0
159 111 0
159 117 0
159 121 0
159 126 0
159 127 0
159 195 0
159 220 0
159 225 0
159 237 0
159 243 0
159 245 0
159 249 0
159 250 0
159 255 0
159 258 0
159 259 0
159 260 0
159 273 0
159 274 0
159 276 0
159 286 0
159 289 0
159 294 0
159 301 0
159 310 0
159 319 0
159 323 0
159 326 0
159 328 0
159 333 0
159 364 0
159 405 0
159 411 0
159 412 0
159 451 0
159 456 0
159 471 0
159 476 0
159 546 0
159 588 0
159 595 0
159 628 0
159 678 0
159 685 0
159 748 0
159 756 0
159 815 0
159 829 0
159 831 0
159 832 0
159 866 0
159 871 0
159 872 0
159 876 0
159 877 0
159 881 0
159 918 0
159 930 0
159 948 0
159 988 0
160 1 4
160 3 3
160 4 4
160 7 3
160 13 4
160 15 0
160 21 0
160 23 0
160 24 0
160 32 0
160 50 0
160 56 0
160 61 0
160 79 0
160 93 0
160 100 0
160 109 0
160 117 0
160 118 0
160 123 0
160 124 0
160 126 0
160 135 0
160 137 0
160 150 0
160 151 0
160 153 0
160 160 0
160 161 0
160 168 0
160 169 0
160 174 0
160 175 0
160 182 0
160 185 0
160 187 0
160 192 0
160 195 0
160 201 0
160 202 0
160 209 0
160 211 0
160 218 0
160 228 0
160 230 0
160 234 0
160 237 0
160 240 0
160 248 0
160 273 0
160 276 0
160 282 0
160 285 0
160 293 0
160 328 0
160 405 0
160 410 0
160 412 0
160 430 0
160 432 0
160 447 0
160 455 0
160 460 0
160 461 0
160 462 0
160 463 0
160 474 0
160 475 0
160 483 0
160 484 0
160 497 0
160 508 0
160 514 0
160 531 0
160 544 0
160 564 0
160 589 0
160 603 0
160 604 0
160 640 0
160 671 0
160 693 0
160 719 0
160 762 0
160 763 0
160 770 0
160 825 0
160 844 0
160 864 0
160 922 0
160 926 0
160 933 0
160 955 0
160 969 0
