101 111 2
101 117 4
101 118 3
101 121 4
101 122 1
101 123 2
101 125 4
101 147 4
101 151 3
101 181 4
101 222 3
101 225 3
101 237 5
101 252 3
101 255 4
101 257 4
101 278 2
101 280 3
101 281 2
101 282 3
101 284 4
101 288 4
101 304 3
101 369 2
101 370 2
101 405 4
101 411 2
101 412 2
101 471 3
101 596 3
101 597 3
101 717 3
101 742 4
101 756 3
101 815 3
101 819 1
101 820 3
101 826 3
101 829 3
101 840 3
101 841 2
101 845 3
101 846 3
101 924 4
101 926 3
101 928 2
101 975 2
101 979 2
102 49 2
102 50 4
102 53 2
102 55 3
102 56 3
102 62 3
102 66 3
102 67 1
102 68 2
102 70 3
102 72 3
102 73 3
102 79 2
102 82 2
102 83 3
102 88 3
102 89 4
102 91 3
102 94 2
102 95 4
102 96 3
102 98 4
102 99 2
102 101 4
102 102 3
102 117 3
102 118 3
102 121 3
102 127 2
102 144 3
102 161 2
102 163 2
102 164 3
102 167 2
102 168 3
102 173 3
102 175 4
102 176 3
102 181 2
102 182 3
102 183 4
102 184 2
102 185 3
102 186 4
102 187 3
102 188 2
102 194 3
102 195 4
102 200 3
102 201 2
102 202 4
102 204 4
102 208 4
102 210 3
102 211 3
102 217 2
102 218 3
102 219 2
102 222 3
102 226 2
102 228 4
102 230 2
102 231 2
102 233 3
102 235 3
102 239 3
102 245 3
102 248 3
102 258 4
102 260 2
102 264 2
102 265 3
102 269 2
102 271 2
102 273 3
102 286 3
102 288 2
102 294 2
102 298 3
102 300 3
102 302 3
102 307 4
102 313 3
102 319 4
102 322 3
102 326 3
102 327 2
102 328 2
102 332 3
102 334 2
102 338 2
102 350 3
102 358 3
102 363 2
102 373 2
102 385 3
102 386 2
102 391 2
102 393 3
102 396 2
102 399 2
102 403 3
102 405 2
102 409 2
102 411 2
102 418 3
102 431 3
102 432 3
102 436 2
102 443 3
102 444 1
102 445 2
102 448 3
102 450 1
102 476 3
102 501 2
102 502 3
102 510 4
102 515 1
102 522 3
102 524 3
102 530 3
102 541 2
102 546 3
102 548 2
102 554 2
102 559 3
102 565 2
102 566 2
102 568 2
102 576 2
102 577 3
102 578 2
102 588 4
102 596 2
102 597 3
102 612 4
102 625 3
102 629 3
102 635 2
102 636 3
102 650 3
102 652 2
102 655 3
102 663 3
102 665 1
102 667 3
102 671 3
102 672 1
102 675 3
102 685 3
102 686 3
102 689 3
102 720 2
102 732 3
102 734 2
102 746 2
102 748 3
102 751 3
102 768 2
102 771 2
102 778 3
102 797 2
102 809 3
102 810 2
102 823 3
102 827 2
102 831 2
102 840 2
102 841 2
102 856 2
102 866 2
102 892 2
102 930 2
102 986 1
102 993 2
103 118 3
103 121 3
103 126 5
103 127 4
103 144 4
103 181 4
103 204 3
103 211 3
103 222 3
103 234 3
103 250 4
103 252 2
103 255 5
103 257 3
103 300 3
103 301 4
103 405 3
103 471 4
103 487 4
103 527 5
104 25 3
104 50 5
104 100 4
104 111 1
104 117 2
104 122 3
104 124 2
104 126 4
104 127 3
104 130 1
104 147 3
104 150 5
104 181 5
104 235 2
104 237 3
104 245 2
104 248 2
104 249 3
104 250 3
104 255 1
104 257 4
104 258 3
104 268 3
104 269 5
104 270 4
104 271 1
104 272 4
104 273 3
104 276 4
104 282 3
104 283 4
104 285 4
104 286 1
104 287 2
104 288 2
104 289 4
104 290 4
104 293 3
104 294 3
104 299 3
104 300 3
104 301 2
104 302 5
104 307 2
104 311 1
104 312 3
104 313 4
104 316 4
104 324 1
104 325 1
104 327 2
104 330 1
104 331 3
104 332 2
104 333 2
104 342 3
104 345 4
104 346 3
104 347 2
104 354 3
104 405 3
104 411 1
104 412 3
104 456 3
104 475 4
104 508 2
104 534 2
104 544 3
104 546 1
104 591 4
104 628 4
104 713 3
104 744 1
104 748 2
104 750 5
104 751 4
104 756 2
104 823 1
104 825 1
104 827 2
104 840 1
104 845 3
104 847 2
104 871 2
104 895 2
104 926 1
104 984 1
105 271 2
105 272 4
105 286 4
105 288 4
105 302 5
105 307 2
105 313 5
105 324 4
105 327 4
105 333 3
105 340 3
105 690 3
105 748 2
105 752 3
106 22 4
106 25 4
106 28 4
106 45 3
106 48 3
106 64 4
106 69 4
106 77 4
106 86 3
106 88 3
106 97 5
106 107 4
106 161 3
106 162 5
106 165 5
106 191 5
106 194 5
106 196 5
106 210 4
106 211 4
106 213 4
106 216 5
106 223 4
106 244 4
106 273 3
106 274 3
106 275 4
106 280 2
106 285 4
106 286 4
106 313 4
106 435 3
106 495 4
106 526 4
106 566 4
106 582 4
106 584 4
106 647 3
106 660 4
106 684 4
106 692 3
106 699 4
106 703 4
106 712 3
106 739 3
106 778 4
106 828 2
106 923 4
106 956 3
107 271 2
107 286 2
107 288 3
107 300 1
107 302 4
107 305 4
107 312 4
107 313 2
107 321 2
107 323 1
107 333 3
107 340 5
107 902 5
108 50 4
108 100 4
108 121 3
108 124 4
108 125 3
108 127 4
108 137 5
108 181 3
108 222 2
108 237 3
108 252 3
108 255 2
108 275 5
108 282 3
108 284 3
108 290 4
108 294 4
108 304 3
108 319 5
108 405 3
108 471 2
108 515 5
108 718 4
108 740 3
108 748 3
108 931 2
109 9 3
109 11 4
109 12 4
109 15 4
109 17 4
109 29 3
109 31 4
109 42 1
109 54 3
109 55 2
109 58 4
109 62 3
109 64 2
109 67 5
109 68 3
109 69 4
109 70 4
109 71 4
109 72 5
109 77 4
109 79 5
109 81 2
109 82 5
109 88 4
109 89 4
109 90 3
109 91 4
109 94 4
109 95 4
109 96 5
109 97 3
109 98 4
109 100 4
109 101 1
109 111 4
109 117 5
109 118 3
109 121 5
109 122 2
109 125 5
109 127 2
109 131 1
109 147 4
109 154 2
109 156 5
109 157 4
109 158 1
109 159 4
109 161 3
109 162 2
109 164 5
109 168 3
109 172 5
109 173 5
109 174 5
109 176 5
109 177 4
109 178 3
109 179 4
109 181 5
109 183 5
109 186 3
109 191 4
109 195 5
109 196 4
109 200 2
109 202 5
109 204 4
109 209 1
109 210 5
109 211 5
109 214 1
109 215 3
109 216 3
109 218 4
109 222 4
109 223 4
109 227 5
109 229 5
109 230 5
109 231 3
109 233 4
109 234 4
109 237 4
109 238 2
109 239 4
109 245 3
109 248 2
109 252 5
109 258 5
109 265 5
109 278 3
109 281 2
109 282 3
109 288 5
109 291 3
109 294 4
109 295 4
109 317 2
109 318 4
109 322 2
109 323 3
109 332 3
109 356 4
109 357 2
109 365 4
109 367 3
109 373 5
109 380 5
109 386 1
109 388 5
109 391 2
109 392 3
109 393 4
109 395 3
109 402 4
109 403 5
109 405 5
109 409 2
109 411 4
109 413 3
109 423 4
109 425 2
109 431 3
109 441 2
109 449 5
109 451 5
109 452 2
109 472 2
109 475 1
109 508 4
109 520 5
109 527 3
109 531 4
109 542 3
109 545 2
109 546 3
109 550 5
109 552 2
109 559 3
109 564 3
109 566 4
109 568 5
109 576 3
109 584 2
109 588 4
109 597 2
109 627 5
109 628 2
109 631 3
109 636 5
109 655 3
109 665 5
109 672 2
109 679 3
109 715 2
109 722 3
109 732 3
109 735 5
109 739 4
109 742 5
109 748 3
109 755 5
109 762 3
109 763 2
109 790 2
109 796 3
109 797 3
109 809 4
109 820 3
109 823 3
109 834 3
109 845 4
109 849 2
109 866 4
109 928 3
109 930 3
109 931 2
109 940 3
109 944 3
109 949 3
109 975 3
109 986 2
110 33 4
110 38 3
110 41 4
110 43 3
110 54 4
110 55 3
110 56 1
110 64 4
110 68 2
110 69 4
110 77 4
110 79 4
110 82 4
110 88 4
110 94 4
110 96 4
110 161 5
110 173 1
110 184 1
110 188 4
110 195 2
110 196 4
110 202 2
110 204 3
110 212 1
110 215 3
110 226 3
110 230 3
110 231 1
110 232 3
110 233 4
110 245 3
110 258 4
110 272 4
110 288 4
110 294 3
110 300 3
110 301 2
110 307 4
110 313 5
110 315 4
110 325 3
110 326 4
110 327 3
110 332 3
110 333 4
110 340 3
110 366 3
110 367 3
110 376 2
110 384 2
110 385 3
110 393 3
110 397 3
110 401 3
110 402 4
110 421 4
110 423 4
110 451 4
110 468 3
110 540 3
110 550 3
110 566 4
110 568 3
110 575 3
110 578 3
110 586 3
110 642 2
110 658 3
110 682 4
110 684 4
110 688 1
110 689 3
110 692 4
110 715 2
110 732 3
110 734 2
110 748 3
110 751 3
110 759 3
110 765 3
110 779 3
110 783 3
110 790 4
110 791 2
110 794 3
110 802 3
110 806 3
110 808 2
110 849 3
110 873 2
110 895 2
110 905 3
110 944 3
111 302 5
111 303 3
111 305 2
111 313 4
111 315 5
111 321 3
111 326 3
111 328 4
111 333 4
111 340 4
111 344 2
111 354 4
111 887 3
111 896 2
112 294 3
112 300 4
112 301 3
112 302 4
112 303 4
112 306 5
112 307 4
112 310 4
112 312 5
112 316 5
112 321 3
112 322 4
112 323 3
112 325 1
112 327 1
112 331 4
112 339 4
112 346 5
112 347 1
112 354 3
112 678 3
112 689 4
112 748 3
112 750 4
112 751 4
112 754 4
112 879 4
112 887 5
112 891 3
112 903 1
112 937 4
112 984 3
113 124 3
113 126 5
113 127 4
113 222 3
113 237 3
113 242 2
113 245 3
113 246 5
113 255 5
113 257 5
113 258 5
113 262 2
113 268 4
113 273 4
113 277 3
113 286 4
113 288 3
113 289 2
113 292 3
113 294 4
113 303 5
113 319 2
113 321 3
113 322 3
113 323 4
113 324 2
113 325 4
113 326 5
113 327 5
113 328 5
113 329 3
113 424 1
113 508 4
113 595 5
113 678 2
113 874 5
113 948 3
113 976 5
114 156 4
114 157 2
114 168 3
114 175 5
114 176 5
114 179 5
114 180 3
114 182 3
114 183 5
114 186 3
114 191 3
114 195 4
114 197 4
114 204 3
114 210 3
114 269 4
114 318 3
114 357 4
114 474 5
114 482 4
114 483 4
114 485 3
114 496 4
114 505 3
114 507 3
114 520 3
114 615 2
114 640 2
114 646 4
114 654 3
114 655 3
114 659 4
114 679 2
114 855 3
115 12 5
115 13 5
115 20 3
115 22 3
115 23 5
115 32 5
115 33 4
115 48 5
115 50 5
115 56 5
115 69 1
115 77 2
115 82 4
115 89 5
115 92 4
115 93 3
115 96 3
115 98 3
115 121 3
115 124 5
115 127 5
115 137 5
115 172 4
115 174 5
115 176 5
115 177 5
115 178 5
115 181 4
115 183 5
115 187 5
115 228 4
115 229 3
115 234 5
115 237 2
115 240 5
115 265 2
115 269 3
115 273 4
115 279 3
115 282 4
115 284 2
115 310 3
115 317 5
115 357 5
115 431 4
115 443 4
115 462 4
115 466 5
115 470 2
115 471 2
115 475 5
115 479 5
115 496 1
115 511 5
115 530 5
115 543 2
115 596 1
115 642 5
115 654 5
115 657 3
115 673 3
115 741 3
115 762 4
115 763 2
115 847 4
115 922 3
115 952 5
115 969 1
115 980 4
116 65 2
116 116 3
116 137 2
116 180 5
116 181 4
116 185 3
116 187 5
116 191 4
116 193 4
116 195 4
116 199 4
116 203 5
116 221 4
116 248 3
116 250 4
116 252 2
116 253 3
116 255 3
116 257 3
116 258 4
116 259 4
116 260 2
116 262 3
116 264 3
116 268 5
116 271 4
116 272 3
116 285 4
116 286 3
116 288 3
116 289 4
116 294 2
116 297 3
116 299 3
116 301 3
116 302 3
116 303 3
116 304 2
116 306 3
116 307 3
116 310 4
116 313 5
116 315 3
116 322 2
116 323 3
116 324 2
116 325 3
116 328 3
116 331 3
116 332 3
116 333 2
116 340 3
116 344 5
116 346 4
116 347 2
116 349 2
116 350 3
116 355 2
116 358 2
116 390 4
116 421 3
116 479 4
116 484 4
116 511 4
116 515 4
116 519 5
116 531 2
116 539 2
116 582 3
116 603 3
116 604 3
116 607 2
116 640 3
116 655 4
116 661 4
116 678 3
116 730 4
116 748 2
116 750 4
116 751 3
116 758 1
116 760 3
116 806 4
116 840 1
116 872 3
116 879 2
116 880 3
116 887 3
116 888 2
116 895 2
116 896 2
116 900 4
116 902 2
116 903 2
116 905 2
116 914 2
116 942 3
116 993 2
117 25 4
117 33 4
117 50 5
117 56 5
117 96 5
117 98 4
117 109 4
117 117 5
117 121 4
117 122 2
117 143 1
117 144 4
117 150 4
117 151 4
117 156 4
117 168 5
117 172 5
117 173 5
117 174 4
117 176 5
117 179 5
117 181 5
117 195 5
117 210 4
117 214 5
117 222 5
117 237 4
117 240 3
117 257 5
117 258 4
117 265 4
117 268 5
117 288 3
117 298 5
117 307 5
117 313 5
117 338 3
117 358 4
117 368 3
117 405 5
117 406 3
117 410 3
117 411 3
117 421 5
117 423 4
117 546 3
117 588 3
117 596 3
117 597 4
117 628 5
117 678 4
117 742 4
117 743 1
117 748 3
117 751 5
117 758 2
117 763 5
117 772 4
117 789 4
117 829 3
117 886 5
117 928 3
117 977 3
118 53 5
118 55 5
118 56 5
118 79 5
118 98 5
118 132 4
118 134 5
118 135 5
118 156 5
118 164 5
118 171 5
118 172 5
118 174 5
118 175 5
118 176 5
118 180 5
118 184 5
118 185 5
118 193 5
118 200 5
118 201 5
118 210 5
118 217 3
118 218 5
118 223 5
118 258 5
118 288 5
118 320 5
118 324 4
118 396 5
118 413 4
118 421 4
118 433 5
118 436 5
118 474 5
118 475 5
118 511 5
118 513 5
118 528 4
118 547 5
118 551 5
118 558 5
118 559 4
118 564 1
118 603 4
118 641 5
118 654 5
118 655 5
118 672 4
118 675 5
118 774 5
118 800 4
118 816 3
118 844 5
118 853 5
118 919 5
118 960 5
119 24 4
119 25 5
119 40 4
119 50 5
119 52 3
119 54 4
119 56 4
119 70 3
119 82 2
119 83 4
119 86 4
119 87 5
119 89 4
119 96 5
119 100 5
119 105 2
119 109 5
119 111 5
119 117 5
119 121 4
119 125 5
119 132 5
119 137 5
119 144 4
119 147 4
119 154 5
119 168 5
119 174 4
119 181 4
119 182 4
119 188 4
119 193 4
119 199 5
119 209 4
119 210 5
119 213 5
119 222 5
119 226 3
119 235 5
119 237 5
119 245 4
119 250 2
119 252 3
119 254 2
119 255 3
119 259 4
119 268 5
119 269 3
119 272 5
119 274 4
119 275 5
119 276 2
119 277 4
119 282 5
119 286 5
119 288 4
119 294 1
119 300 5
119 301 4
119 310 5
119 313 5
119 322 4
119 328 4
119 329 3
119 332 4
119 338 1
119 340 4
119 348 3
119 354 5
119 382 5
119 385 5
119 392 4
119 405 4
119 407 3
119 410 1
119 412 4
119 451 5
119 455 4
119 459 4
119 472 4
119 486 4
119 506 5
119 511 5
119 526 2
119 537 5
119 544 2
119 546 4
119 550 4
119 562 4
119 568 4
119 591 4
119 595 3
119 597 4
119 616 2
119 628 4
119 658 5
119 684 4
119 685 4
119 689 4
119 697 5
119 710 4
119 716 5
119 717 3
119 718 5
119 741 4
119 742 5
119 755 1
119 762 4
119 813 4
119 823 3
119 825 3
119 826 4
119 829 5
119 831 2
119 845 4
119 866 3
119 879 5
119 916 1
119 917 4
119 930 3
119 931 1
119 977 3
119 982 4
119 986 3
119 995 4
120 121 4
120 125 4
120 148 3
120 237 3
120 245 3
120 252 3
120 257 2
120 258 5
120 282 4
120 286 5
120 405 4
120 546 2
120 742 4
120 827 2
120 924 4
121 98 5
121 100 4
121 117 1
121 118 2
121 121 2
121 122 2
121 124 5
121 125 2
121 126 3
121 127 5
121 135 5
121 137 5
121 156 4
121 165 4
121 174 3
121 180 3
121 181 5
121 192 4
121 197 4
121 235 1
121 237 5
121 249 1
121 250 2
121 275 4
121 276 3
121 282 1
121 291 3
121 294 4
121 298 2
121 300 3
121 313 5
121 347 3
121 357 5
121 405 2
121 411 1
121 427 4
121 428 5
121 472 3
121 479 5
121 508 4
121 509 5
121 514 3
121 515 4
121 546 1
121 582 2
121 595 2
121 628 3
121 631 4
121 644 4
121 717 5
121 740 3
121 742 5
121 744 3
121 792 3
121 937 4
122 135 4
122 175 5
122 180 5
122 187 4
122 190 4
122 191 5
122 193 4
122 212 5
122 214 2
122 215 4
122 269 5
122 378 4
122 382 3
122 387 5
122 403 4
122 423 4
122 427 3
122 429 3
122 464 5
122 469 5
122 470 3
122 509 4
122 510 4
122 511 5
122 553 3
122 570 3
122 582 5
122 660 3
122 661 4
122 673 3
122 708 5
122 715 5
122 724 4
122 727 4
122 736 4
122 737 4
122 792 3
122 956 4
123 64 3
123 98 4
123 100 4
123 127 5
123 132 3
123 135 5
123 143 5
123 165 5
123 182 4
123 192 5
123 197 5
123 242 5
123 255 1
123 275 4
123 276 4
123 285 5
123 286 5
123 289 1
123 319 4
123 427 3
123 432 5
123 435 5
123 462 4
123 479 4
123 480 3
123 482 4
123 483 4
123 485 5
123 487 3
123 504 5
123 511 5
123 514 5
123 523 3
123 531 3
123 606 3
123 657 4
123 704 3
123 707 5
123 735 2
123 847 4
123 962 3
124 96 4
124 98 4
124 117 3
124 144 4
124 154 5
124 157 2
124 166 5
124 168 5
124 172 3
124 173 2
124 174 3
124 195 4
124 209 3
124 226 4
124 474 3
124 496 1
124 550 4
124 616 4
125 28 4
125 41 2
125 49 3
125 50 5
125 56 1
125 63 3
125 64 5
125 69 4
125 70 3
125 72 4
125 73 5
125 79 5
125 80 4
125 83 4
125 87 5
125 88 5
125 90 5
125 94 5
125 97 3
125 98 5
125 105 3
125 109 3
125 111 3
125 116 4
125 117 3
125 120 1
125 122 1
125 134 5
125 136 5
125 143 5
125 144 5
125 150 1
125 152 1
125 153 2
125 158 4
125 163 5
125 172 5
125 173 5
125 174 5
125 175 2
125 176 5
125 181 5
125 186 3
125 190 5
125 191 5
125 194 5
125 195 5
125 198 3
125 201 3
125 202 5
125 204 5
125 208 3
125 209 4
125 210 5
125 211 3
125 216 3
125 235 2
125 236 1
125 238 3
125 239 5
125 258 5
125 269 1
125 270 4
125 275 5
125 283 5
125 290 4
125 294 4
125 300 5
125 318 5
125 323 3
125 340 1
125 346 1
125 357 3
125 364 3
125 367 4
125 369 3
125 372 1
125 376 3
125 382 1
125 383 2
125 384 3
125 386 3
125 388 2
125 393 4
125 395 3
125 399 3
125 401 4
125 407 2
125 411 3
125 412 3
125 427 4
125 430 4
125 434 4
125 435 4
125 451 4
125 455 5
125 474 3
125 475 1
125 478 4
125 479 4
125 482 1
125 483 4
125 485 5
125 493 4
125 496 5
125 498 5
125 508 1
125 511 5
125 513 4
125 520 5
125 568 5
125 577 2
125 585 4
125 615 3
125 648 4
125 657 3
125 659 4
125 687 3
125 692 3
125 705 5
125 709 3
125 722 3
125 728 3
125 732 4
125 734 3
125 746 3
125 748 3
125 751 5
125 756 4
125 780 2
125 781 3
125 785 3
125 790 4
125 796 3
125 801 3
125 813 1
125 864 3
125 914 1
125 926 3
125 940 2
125 945 5
125 949 3
125 996 3
125 997 2
125 999 4
125 1000 3
126 266 5
126 272 3
126 288 4
126 289 3
126 294 3
126 300 4
126 302 4
126 311 4
126 313 5
126 315 4
126 319 2
126 322 3
126 323 3
126 326 2
126 327 3
126 328 5
126 332 2
126 333 2
126 337 5
126 340 5
126 344 4
126 346 3
126 350 2
126 353 5
126 678 3
126 681 5
126 682 1
126 690 3
126 751 4
126 752 3
126 878 5
126 884 5
126 905 2
127 243 5
127 258 5
127 268 1
127 271 5
127 286 1
127 288 5
127 294 4
127 300 5
127 343 5
127 380 5
127 449 4
127 450 5
127 748 5
127 750 1
127 901 5
128 48 4
128 50 4
128 54 2
128 56 3
128 58 3
128 64 5
128 65 4
128 66 3
128 70 3
128 71 4
128 73 3
128 77 3
128 79 4
128 82 5
128 83 5
128 86 5
128 88 4
128 97 3
128 98 4
128 99 4
128 111 3
128 118 5
128 121 4
128 131 5
128 132 3
128 133 5
128 136 5
128 140 4
128 143 5
128 151 3
128 159 4
128 161 5
128 168 4
128 172 3
128 173 5
128 174 3
128 179 3
128 181 4
128 182 4
128 190 4
128 191 4
128 193 3
128 196 5
128 197 4
128 202 2
128 204 4
128 209 4
128 210 4
128 213 3
128 215 3
128 216 5
128 218 3
128 220 1
128 222 3
128 227 2
128 228 3
128 237 4
128 238 4
128 245 2
128 265 5
128 268 3
128 274 4
128 276 4
128 280 1
128 282 3
128 283 5
128 284 3
128 294 4
128 300 5
128 317 4
128 319 5
128 322 2
128 328 2
128 340 4
128 367 4
128 371 1
128 378 5
128 381 3
128 387 2
128 392 3
128 393 4
128 402 1
128 404 3
128 405 4
128 417 4
128 418 4
128 419 3
128 422 4
128 423 4
128 425 5
128 427 5
128 432 2
128 433 4
128 451 4
128 465 4
128 471 4
128 478 5
128 482 4
128 483 5
128 485 3
128 487 5
128 490 5
128 494 4
128 497 3
128 499 5
128 501 3
128 505 4
128 508 4
128 568 4
128 588 5
128 591 4
128 602 4
128 603 5
128 605 3
128 609 4
128 614 3
128 622 4
128 651 5
128 652 3
128 655 3
128 660 2
128 684 4
128 685 3
128 686 4
128 690 3
128 692 4
128 705 3
128 715 4
128 723 3
128 729 2
128 732 4
128 736 5
128 739 4
128 742 3
128 747 3
128 763 4
128 770 3
128 785 2
128 790 4
128 815 3
128 838 5
128 869 3
128 873 1
128 924 3
128 942 5
128 949 4
128 955 5
128 965 3
128 966 4
129 270 3
129 272 4
129 286 5
129 288 1
129 302 4
129 303 3
129 304 3
129 307 2
129 311 3
129 313 3
129 327 3
129 331 2
129 339 2
129 678 1
129 748 2
129 873 1
129 882 2
129 903 2
129 906 5
129 995 2
130 11 5
130 12 4
130 22 5
130 24 5
130 27 4
130 28 4
130 29 3
130 31 4
130 33 5
130 38 4
130 39 4
130 41 3
130 42 4
130 44 4
130 47 3
130 49 4
130 50 5
130 53 3
130 54 5
130 55 5
130 56 5
130 58 2
130 62 4
130 63 4
130 64 5
130 65 4
130 66 5
130 67 4
130 68 5
130 69 5
130 71 5
130 79 5
130 82 5
130 84 4
130 89 4
130 90 4
130 94 5
130 95 5
130 98 5
130 99 5
130 100 3
130 105 4
130 109 3
130 111 5
130 118 4
130 122 3
130 125 5
130 128 4
130 132 5
130 134 5
130 143 5
130 147 4
130 148 4
130 150 5
130 156 3
130 158 5
130 159 4
130 161 4
130 168 3
130 172 5
130 173 3
130 174 5
130 176 5
130 179 4
130 181 5
130 183 5
130 184 4
130 185 5
130 188 4
130 195 5
130 196 5
130 200 5
130 202 5
130 204 5
130 206 3
130 210 5
130 215 5
130 216 4
130 217 3
130 218 5
130 222 4
130 226 5
130 227 3
130 228 4
130 229 4
130 230 3
130 231 3
130 234 5
130 235 4
130 236 5
130 237 5
130 240 4
130 243 2
130 245 1
130 246 4
130 248 3
130 249 5
130 250 3
130 252 5
130 254 2
130 255 4
130 261 4
130 262 3
130 267 5
130 268 4
130 269 4
130 270 5
130 271 5
130 276 4
130 281 4
130 282 5
130 284 2
130 286 5
130 288 5
130 289 5
130 290 3
130 294 5
130 295 3
130 298 5
130 299 3
130 305 4
130 307 4
130 313 5
130 315 4
130 316 4
130 321 5
130 322 4
130 328 4
130 329 4
130 331 3
130 332 4
130 333 5
130 335 3
130 342 3
130 343 4
130 346 4
130 353 1
130 354 5
130 356 4
130 357 5
130 358 4
130 363 3
130 366 5
130 367 4
130 374 4
130 379 4
130 385 5
130 392 4
130 393 5
130 398 3
130 403 5
130 405 4
130 407 2
130 410 5
130 411 5
130 412 4
130 413 3
130 418 5
130 420 5
130 423 5
130 426 4
130 427 5
130 433 3
130 436 3
130 443 5
130 449 4
130 450 2
130 452 4
130 453 3
130 455 4
130 465 5
130 469 5
130 470 2
130 472 4
130 475 3
130 477 4
130 496 5
130 501 5
130 508 4
130 527 5
130 531 5
130 532 5
130 534 5
130 538 5
130 541 3
130 542 3
130 546 4
130 550 5
130 554 4
130 555 4
130 564 4
130 565 3
130 566 4
130 567 2
130 568 5
130 569 3
130 572 3
130 578 5
130 588 4
130 589 4
130 596 4
130 597 4
130 619 4
130 622 3
130 625 5
130 627 5
130 642 4
130 658 5
130 665 3
130 669 4
130 672 5
130 678 4
130 682 4
130 684 5
130 685 3
130 689 2
130 692 5
130 717 3
130 721 3
130 729 4
130 731 3
130 739 5
130 742 5
130 743 2
130 746 5
130 748 4
130 756 4
130 763 5
130 765 4
130 769 3
130 772 4
130 779 4
130 798 1
130 800 4
130 806 3
130 808 5
130 815 3
130 816 5
130 827 4
130 833 4
130 864 2
130 876 4
130 881 4
130 888 3
130 890 4
130 892 3
130 894 4
130 895 5
130 901 1
130 929 4
130 930 3
130 931 2
130 932 3
130 934 4
130 939 4
130 940 3
130 944 4
130 946 4
130 949 3
130 959 4
130 974 4
130 975 5
130 982 1
130 993 5
131 124 5
131 126 4
131 127 4
131 137 1
131 221 3
131 242 5
131 251 5
131 269 5
131 274 3
131 275 2
131 276 5
131 285 5
131 286 5
131 293 3
131 302 5
131 313 5
131 744 4
131 750 5
131 813 3
131 845 4
132 137 4
132 151 3
132 154 4
132 175 3
132 251 4
132 275 3
132 285 4
132 286 3
132 484 4
132 521 4
132 523 4
132 922 5
133 272 5
133 294 3
133 300 3
133 304 3
133 308 4
133 313 3
133 315 4
133 316 4
133 322 2
133 328 3
133 343 2
133 346 3
133 749 4
133 750 4
133 751 3
133 902 3
134 300 3
134 301 2
134 302 2
134 313 5
134 315 3
134 316 4
134 323 4
134 326 5
134 328 4
134 339 2
134 539 4
134 748 5
134 751 5
134 879 4
134 892 2
135 55 4
135 56 4
135 77 4
135 79 3
135 98 5
135 173 4
135 176 4
135 183 4
135 185 4
135 203 4
135 227 3
135 228 4
135 229 2
135 230 3
135 233 3
135 234 4
135 258 4
135 260 3
135 265 3
135 288 3
135 294 4
135 321 4
135 324 3
135 325 4
135 327 4
135 379 2
135 431 2
135 443 4
135 449 3
135 452 2
135 470 4
135 475 4
135 504 4
135 564 1
135 566 3
135 603 4
135 642 4
135 653 4
135 744 4
135 802 2
135 939 4
135 943 3
136 56 4
136 89 4
136 100 5
136 116 5
136 117 4
136 124 5
136 127 5
136 137 5
136 204 4
136 223 4
136 237 4
136 269 5
136 275 4
136 276 5
136 283 4
136 286 5
136 298 4
136 303 4
136 313 2
136 318 5
136 475 4
136 515 5
136 525 5
136 647 5
136 744 5
136 747 4
136 847 4
137 89 5
137 117 5
137 118 5
137 121 5
137 144 5
137 172 5
137 174 5
137 181 5
137 183 5
137 195 5
137 210 5
137 222 5
137 235 5
137 237 4
137 243 4
137 249 4
137 250 5
137 257 5
137 260 3
137 261 5
137 266 5
137 289 3
137 300 5
137 327 4
137 385 5
137 405 5
137 411 5
137 472 4
137 476 1
137 546 5
137 597 5
137 680 5
137 687 4
137 748 4
137 866 3
137 892 3
138 56 5
138 98 5
138 100 5
138 111 4
138 116 2
138 117 4
138 121 4
138 133 4
138 137 5
138 150 3
138 151 4
138 182 4
138 185 4
138 187 5
138 194 5
138 209 4
138 211 4
138 222 4
138 238 5
138 285 4
138 318 5
138 357 4
138 435 5
138 483 5
138 484 4
138 487 3
138 493 4
138 496 4
138 509 4
138 513 5
138 514 5
138 517 4
138 518 4
138 519 5
138 523 5
138 602 4
138 603 4
138 614 4
138 617 4
138 662 4
139 246 4
139 268 4
139 286 4
139 288 4
139 296 4
139 297 5
139 302 3
139 303 5
139 307 4
139 458 4
139 460 3
139 508 4
139 676 4
139 740 2
140 294 3
140 301 3
140 302 4
140 304 4
140 319 4
140 322 3
140 325 3
140 332 3
140 334 2
140 872 3
140 873 2
140 880 4
141 100 4
141 106 5
141 117 4
141 118 5
141 120 4
141 121 4
141 125 5
141 126 5
141 127 2
141 147 4
141 151 2
141 222 4
141 225 3
141 235 1
141 237 4
141 244 5
141 245 3
141 248 3
141 250 4
141 252 4
141 255 4
141 257 3
141 258 5
141 259 1
141 261 1
141 274 5
141 276 1
141 279 1
141 281 4
141 282 5
141 284 5
141 286 4
141 288 3
141 290 1
141 291 5
141 292 1
141 293 2
141 295 5
141 298 5
141 300 5
141 313 5
141 322 4
141 323 4
141 328 4
141 330 1
141 333 5
141 335 1
141 346 1
141 405 3
141 407 2
141 409 5
141 410 4
141 471 4
141 472 5
141 476 3
141 535 5
141 546 4
141 597 4
141 619 4
141 676 5
141 678 4
141 696 4
141 717 4
141 744 5
141 748 3
141 750 1
141 756 3
141 815 4
141 823 3
141 825 4
141 826 2
141 831 2
141 864 3
141 871 3
141 872 1
141 880 1
141 926 4
141 930 4
141 932 3
141 974 4
141 985 4
142 124 4
142 147 1
142 169 5
142 176 5
142 181 5
142 186 4
142 189 4
142 243 1
142 259 3
142 288 3
142 294 3
142 315 3
142 333 5
142 346 5
142 350 4
142 358 2
142 362 3
142 408 4
142 425 4
142 463 3
142 514 5
142 895 4
143 323 3
143 325 5
143 326 5
143 328 4
143 331 5
143 333 5
143 347 5
143 682 3
144 14 4
144 15 4
144 19 4
144 20 4
144 22 5
144 24 4
144 31 3
144 32 4
144 33 5
144 48 5
144 50 5
144 54 2
144 55 4
144 61 3
144 62 2
144 64 5
144 65 4
144 66 4
144 68 2
144 69 5
144 70 4
144 73 3
144 87 5
144 89 3
144 91 2
144 93 1
144 96 5
144 98 4
144 105 2
144 106 3
144 116 4
144 117 4
144 124 4
144 125 4
144 127 4
144 129 4
144 135 5
144 144 4
144 147 3
144 153 5
144 160 2
144 165 4
144 172 4
144 173 5
144 174 5
144 176 4
144 180 4
144 181 4
144 182 3
144 187 4
144 190 5
144 191 4
144 193 4
144 194 5
144 195 5
144 196 4
144 197 4
144 204 2
144 209 2
144 213 4
144 215 4
144 216 4
144 221 3
144 234 4
144 237 4
144 242 4
144 244 3
144 248 4
144 251 4
144 257 4
144 258 4
144 262 3
144 271 2
144 273 4
144 274 3
144 280 1
144 281 3
144 282 4
144 285 4
144 286 4
144 288 2
144 293 4
144 297 4
144 298 3
144 300 3
144 302 3
144 303 4
144 304 4
144 307 1
144 313 5
144 316 5
144 318 5
144 319 3
144 326 4
144 327 3
144 328 3
144 333 3
144 343 2
144 357 4
144 393 4
144 403 3
144 405 4
144 410 3
144 423 5
144 435 4
144 454 3
144 461 4
144 466 2
144 470 2
144 471 4
144 474 4
144 475 1
144 476 2
144 478 4
144 480 4
144 500 4
144 508 4
144 514 5
144 516 2
144 518 3
144 521 4
144 523 5
144 524 5
144 528 4
144 531 5
144 533 4
144 588 4
144 591 3
144 597 4
144 632 4
144 647 4
144 651 4
144 654 4
144 655 5
144 685 3
144 699 4
144 707 3
144 709 4
144 713 4
144 727 3
144 729 4
144 742 4
144 747 5
144 750 4
144 751 4
144 762 3
144 778 4
144 785 4
144 815 1
144 823 3
144 831 3
144 845 4
144 847 4
144 855 4
144 880 5
144 900 4
144 942 4
144 956 4
144 960 2
144 961 3
144 963 4
145 13 5
145 15 2
145 17 3
145 22 5
145 23 4
145 25 2
145 31 5
145 38 3
145 39 4
145 42 5
145 44 5
145 50 5
145 51 3
145 54 5
145 55 3
145 56 5
145 62 2
145 66 4
145 69 5
145 79 5
145 88 5
145 89 4
145 100 5
145 105 2
145 106 4
145 109 4
145 111 3
145 117 5
145 120 2
145 122 1
145 123 4
145 134 4
145 135 5
145 150 5
145 155 2
145 156 5
145 159 4
145 164 4
145 172 5
145 173 5
145 174 5
145 176 5
145 181 5
145 182 5
145 183 5
145 185 4
145 195 5
145 200 4
145 202 4
145 203 5
145 209 4
145 212 2
145 216 5
145 217 3
145 219 5
145 222 5
145 227 4
145 229 3
145 230 5
145 236 1
145 237 5
145 238 4
145 242 5
145 246 4
145 250 5
145 257 5
145 258 4
145 259 3
145 260 4
145 265 5
145 266 3
145 270 5
145 273 5
145 274 3
145 275 2
145 276 1
145 278 4
145 281 4
145 282 5
145 284 4
145 286 3
145 294 4
145 298 1
145 299 4
145 300 3
145 301 4
145 302 4
145 304 2
145 312 3
145 313 4
145 315 5
145 316 5
145 327 5
145 328 5
145 329 4
145 331 3
145 339 3
145 342 4
145 343 5
145 346 5
145 347 3
145 348 4
145 352 4
145 354 4
145 355 3
145 356 4
145 358 4
145 363 4
145 368 3
145 379 3
145 380 3
145 393 5
145 394 1
145 405 3
145 406 3
145 407 2
145 410 4
145 411 2
145 412 4
145 413 3
145 431 5
145 443 3
145 447 5
145 448 5
145 450 3
145 452 3
145 454 1
145 460 1
145 470 5
145 471 4
145 472 3
145 477 2
145 486 3
145 510 4
145 515 5
145 546 3
145 549 5
145 552 5
145 553 3
145 554 3
145 558 2
145 559 2
145 563 3
145 566 5
145 569 4
145 572 5
145 574 2
145 591 4
145 592 3
145 595 3
145 597 4
145 603 5
145 620 3
145 631 4
145 635 4
145 636 4
145 637 3
145 642 3
145 650 4
145 652 5
145 665 5
145 672 3
145 673 4
145 674 4
145 678 2
145 680 3
145 682 3
145 683 3
145 684 5
145 685 4
145 687 2
145 688 4
145 690 4
145 692 2
145 696 3
145 713 4
145 717 3
145 727 2
145 728 2
145 731 3
145 732 4
145 737 2
145 738 3
145 739 2
145 743 1
145 750 4
145 751 4
145 752 4
145 756 2
145 760 2
145 761 4
145 762 3
145 763 4
145 764 2
145 767 2
145 770 1
145 771 2
145 789 4
145 796 3
145 800 2
145 816 5
145 820 2
145 821 3
145 823 3
145 825 4
145 826 2
145 831 1
145 859 3
145 877 2
145 879 5
145 890 2
145 892 2
145 894 1
145 895 3
145 896 2
145 898 1
145 901 1
145 924 2
145 925 4
145 928 3
145 929 2
145 930 2
145 933 1
145 934 1
145 939 4
145 949 4
145 974 1
145 977 3
145 979 3
145 983 1
145 988 1
145 993 3
146 300 3
146 301 2
146 302 4
146 307 3
146 313 4
146 315 5
146 319 4
146 327 3
146 328 3
146 331 5
146 336 5
146 340 4
146 345 4
146 346 4
146 347 3
146 688 1
147 304 5
147 305 4
147 313 4
147 319 4
147 339 5
147 340 4
147 345 4
147 690 4
147 750 5
147 751 2
147 898 5
147 904 5
147 937 3
148 69 5
148 70 5
148 71 5
148 78 1
148 89 5
148 98 3
148 114 5
148 116 5
148 132 4
148 135 5
148 140 1
148 151 4
148 163 4
148 168 5
148 169 5
148 172 5
148 175 4
148 177 2
148 181 5
148 185 1
148 190 2
148 191 1
148 204 3
148 209 5
148 214 5
148 222 4
148 227 4
148 228 4
148 234 3
148 357 5
148 408 5
148 418 3
148 432 5
148 473 5
148 474 5
148 495 4
148 496 3
148 501 4
148 507 5
148 509 5
148 521 1
148 529 5
148 549 3
148 588 4
148 596 5
148 663 5
148 713 3
148 993 4
149 272 3
149 286 5
149 300 3
149 301 3
149 302 4
149 305 4
149 308 2
149 310 2
149 312 1
149 319 2
149 321 2
149 323 2
149 325 2
149 326 3
149 327 2
149 328 2
149 337 2
149 338 2
149 346 4
149 678 2
149 689 2
149 874 3
149 896 4
150 121 2
150 127 5
150 129 4
150 147 4
150 151 4
150 181 5
150 221 4
150 235 4
150 246 5
150 268 5
150 273 4
150 276 5
150 278 2
150 288 4
150 293 4
150 319 4
150 324 4
150 325 1
150 410 4
150 458 4
150 475 5
150 628 4
151 12 5
151 13 3
151 14 5
151 15 4
151 25 4
151 26 3
151 31 3
151 33 5
151 44 4
151 47 3
151 49 3
151 50 5
151 51 4
151 52 5
151 56 4
151 58 4
151 64 5
151 65 4
151 66 4
151 69 4
151 70 4
151 79 4
151 81 5
151 82 3
151 83 5
151 86 5
151 87 4
151 88 5
151 89 5
151 91 2
151 93 5
151 97 5
151 98 4
151 100 3
151 111 4
151 114 5
151 118 3
151 121 5
151 125 4
151 131 5
151 132 5
151 133 5
151 134 4
151 136 4
151 137 5
151 147 2
151 151 5
151 152 3
151 153 3
151 154 4
151 160 4
151 162 5
151 163 4
151 164 5
151 168 5
151 169 5
151 170 5
151 171 5
151 172 5
151 175 5
151 176 2
151 178 5
151 181 5
151 183 3
151 185 4
151 186 4
151 189 5
151 191 3
151 193 4
151 194 4
151 195 3
151 196 4
151 197 5
151 198 4
151 199 3
151 200 3
151 203 3
151 204 4
151 208 4
151 209 4
151 210 4
151 211 5
151 213 5
151 215 3
151 216 4
151 222 5
151 223 5
151 224 5
151 227 5
151 228 5
151 230 3
151 231 1
151 234 4
151 238 5
151 241 3
151 260 1
151 265 5
151 274 5
151 275 5
151 286 5
151 287 4
151 290 1
151 300 4
151 302 3
151 317 5
151 318 5
151 321 4
151 322 2
151 328 3
151 356 2
151 357 5
151 371 4
151 372 5
151 378 4
151 381 5
151 382 4
151 387 5
151 393 2
151 402 3
151 405 3
151 408 5
151 411 4
151 414 5
151 417 3
151 419 3
151 420 5
151 425 4
151 428 5
151 429 5
151 430 4
151 432 5
151 433 3
151 435 4
151 443 5
151 448 2
151 451 5
151 461 4
151 462 4
151 463 5
151 464 4
151 466 5
151 469 1
151 470 3
151 473 4
151 474 5
151 476 3
151 478 5
151 480 5
151 481 3
151 482 4
151 483 5
151 484 4
151 485 5
151 486 5
151 487 5
151 488 4
151 489 5
151 490 5
151 492 3
151 494 4
151 496 4
151 497 5
151 499 5
151 503 3
151 504 4
151 505 5
151 506 4
151 507 5
151 509 4
151 512 5
151 514 4
151 516 5
151 517 2
151 522 5
151 523 5
151 525 4
151 528 5
151 529 5
151 546 2
151 549 4
151 561 3
151 566 3
151 582 5
151 584 3
151 602 4
151 603 5
151 605 4
151 606 5
151 609 4
151 614 4
151 627 2
151 628 5
151 631 3
151 632 4
151 633 5
151 638 5
151 642 3
151 652 5
151 654 4
151 655 4
151 657 5
151 659 5
151 660 4
151 661 4
151 662 4
151 663 4
151 675 2
151 684 3
151 692 3
151 699 4
151 702 3
151 703 4
151 707 4
151 709 5
151 716 2
151 724 4
151 729 4
151 732 4
151 735 5
151 736 4
151 741 2
151 747 3
151 748 2
151 755 3
151 761 3
151 770 4
151 775 2
151 781 3
151 782 4
151 792 4
151 813 4
151 826 1
151 835 5
151 837 4
151 845 4
151 847 5
151 919 5
151 929 3
151 939 4
151 952 3
151 953 5
151 956 4
151 962 1
151 965 5
151 969 5
151 971 5
151 972 4
152 49 5
152 51 4
152 66 5
152 67 5
152 69 5
152 71 5
152 80 5
152 97 5
152 98 2
152 111 5
152 117 4
152 120 2
152 121 5
152 125 5
152 132 5
152 133 5
152 143 5
152 147 3
152 151 4
152 153 4
152 155 5
152 157 5
152 161 5
152 162 5
152 167 5
152 173 5
152 191 5
152 204 4
152 215 5
152 220 5
152 234 4
152 237 5
152 241 4
152 255 5
152 272 5
152 274 5
152 275 4
152 278 4
152 280 5
152 284 5
152 286 5
152 301 3
152 313 4
152 354 3
152 364 4
152 371 4
152 402 5
152 410 4
152 411 4
152 412 2
152 423 5
152 483 5
152 487 5
152 504 4
152 527 4
152 549 4
152 596 2
152 632 4
152 685 5
152 692 5
152 699 5
152 716 5
152 720 5
152 724 5
152 739 5
152 740 4
152 775 4
152 778 3
152 780 5
152 781 5
152 783 4
152 785 5
152 790 5
152 794 5
152 845 3
152 866 5
152 871 3
152 966 5
153 127 3
153 172 1
153 174 1
153 181 1
153 182 5
153 216 2
153 258 5
153 265 4
153 294 2
153 321 3
153 323 2
153 325 2
153 357 5
153 510 3
153 678 2
154 143 3
154 174 5
154 175 5
154 182 5
154 191 4
154 197 5
154 202 3
154 211 4
154 222 2
154 238 5
154 242 3
154 258 3
154 286 4
154 288 3
154 289 2
154 302 4
154 324 2
154 333 3
154 357 4
154 414 4
154 462 3
154 474 5
154 479 4
154 480 5
154 482 4
154 484 4
154 488 4
154 515 4
154 527 4
154 640 5
154 642 3
154 651 4
154 708 4
154 806 4
154 874 3
154 919 4
154 945 3
155 321 4
155 323 2
155 324 2
155 325 2
155 326 2
155 327 2
155 328 2
155 331 3
155 332 2
155 748 2
155 988 2
155 990 3
156 64 3
156 83 3
156 86 4
156 124 3
156 137 4
156 178 5
156 180 5
156 187 5
156 192 4
156 197 5
156 205 3
156 211 4
156 276 3
156 317 4
156 318 4
156 346 3
156 357 4
156 510 4
156 515 3
156 641 5
156 651 4
156 661 4
156 772 3
156 806 3
157 100 5
157 111 3
157 117 5
157 118 2
157 120 1
157 127 5
157 137 5
157 147 5
157 150 5
157 250 1
157 255 3
157 268 5
157 269 4
157 273 5
157 274 4
157 276 4
157 283 4
157 286 5
157 289 4
157 290 4
157 293 5
157 298 4
157 313 5
157 340 5
157 405 3
157 407 4
157 410 4
157 476 1
157 508 5
157 515 5
157 597 3
157 685 3
157 740 2
157 748 2
157 934 2
158 24 4
158 29 3
158 38 4
158 39 5
158 42 3
158 50 4
158 53 1
158 55 4
158 56 5
158 62 5
158 68 3
158 72 3
158 79 4
158 82 5
158 85 4
158 89 5
158 92 4
158 96 4
158 100 5
158 111 4
158 116 5
158 117 3
158 118 5
158 120 1
158 121 4
158 123 3
158 124 4
158 127 5
158 128 2
158 129 5
158 137 5
158 144 4
158 148 4
158 149 3
158 154 4
158 161 2
158 163 4
158 168 5
158 172 4
158 173 5
158 174 5
158 175 4
158 176 4
158 177 4
158 181 3
158 182 5
158 183 3
158 184 3
158 186 3
158 187 5
158 188 4
158 190 5
158 194 5
158 202 5
158 204 4
158 209 5
158 216 3
158 217 5
158 221 2
158 222 3
158 226 3
158 227 2
158 228 5
158 229 3
158 231 2
158 232 3
158 233 3
158 235 1
158 238 5
158 239 3
158 241 4
158 244 4
158 250 4
158 252 3
158 271 4
158 273 3
158 275 5
158 277 4
158 283 5
158 284 5
158 286 4
158 293 4
158 325 4
158 367 4
158 373 2
158 399 3
158 403 4
158 408 5
158 410 3
158 414 4
158 430 5
158 433 3
158 435 5
158 449 2
158 450 3
158 455 4
158 471 4
158 472 3
158 483 5
158 502 4
158 510 3
158 511 5
158 516 5
158 525 5
158 530 4
158 544 2
158 546 3
158 550 3
158 562 4
158 566 3
158 568 4
158 570 3
158 576 4
158 580 4
158 583 3
158 593 4
158 636 4
158 652 4
158 659 5
158 665 2
158 684 3
158 686 5
158 694 5
158 729 3
158 731 2
158 742 4
158 744 4
158 745 4
158 770 5
158 797 3
158 798 4
158 803 3
158 809 3
158 810 4
158 823 2
158 825 4
158 866 2
158 985 4
159 96 4
159 103 1
159 111 4
159 117 5
159 121 3
159 126 5
159 127 5
159 195 3
159 220 5
159 225 4
159 237 3
159 243 4
159 245 5
159 249 4
159 250 3
159 255 3
159 258 4
159 259 4
159 260 2
159 273 5
159 274 3
159 276 5
159 286 1
159 289 2
159 294 4
159 301 2
159 310 5
159 319 1
159 323 4
159 326 3
159 328 3
159 333 5
159 364 1
159 405 5
159 411 3
159 412 3
159 451 5
159 456 3
159 471 4
159 476 5
159 546 4
159 588 2
159 595 5
159 628 3
159 678 5
159 685 4
159 748 3
159 756 4
159 815 3
159 829 4
159 831 2
159 832 3
159 866 5
159 871 4
159 872 1
159 876 2
159 877 3
159 881 1
159 918 4
159 930 4
159 948 2
159 988 3
160 15 2
160 21 1
160 23 5
160 24 5
160 32 5
160 50 4
160 56 5
160 61 4
160 79 4
160 93 5
160 100 5
160 109 2
160 117 4
160 118 3
160 123 4
160 124 4
160 126 3
160 135 4
160 137 4
160 150 4
160 151 4
160 153 3
160 160 5
160 161 3
160 168 4
160 169 4
160 174 5
160 175 4
160 182 5
160 185 5
160 187 5
160 192 5
160 195 4
160 201 5
160 202 4
160 209 4
160 211 4
160 218 4
160 228 2
160 230 2
160 234 5
160 237 3
160 240 4
160 248 5
160 273 5
160 276 5
160 282 4
160 285 4
160 293 5
160 328 3
160 405 3
160 410 4
160 412 3
160 430 5
160 432 3
160 447 4
160 455 4
160 460 2
160 461 5
160 462 4
160 463 4
160 474 4
160 475 5
160 483 5
160 484 5
160 497 4
160 508 5
160 514 4
160 531 5
160 544 4
160 564 3
160 589 3
160 603 4
160 604 4
160 640 3
160 671 5
160 693 5
160 719 3
160 762 3
160 763 4
160 770 4
160 825 2
160 844 3
160 864 1
160 922 5
160 926 2
160 933 3
160 955 4
160 969 1
