161 56 3
161 69 2
161 98 3
161 100 3
161 127 3
161 132 3
161 133 2
161 135 3
161 162 2
161 168 3
161 174 3
161 181 3
161 186 3
161 187 3
161 191 3
161 202 2
161 204 3
161 210 3
161 213 2
161 215 3
161 257 2
161 265 2
161 272 2
161 274 2
161 276 2
161 284 2
161 286 2
161 309 1
161 315 2
161 316 3
161 318 3
161 428 3
161 435 3
161 473 2
161 483 3
161 486 2
161 487 3
161 496 3
161 508 2
161 523 3
161 582 2
161 640 2
161 654 3
161 898 1
162 50 4
162 79 4
162 105 2
162 117 4
162 121 3
162 144 4
162 147 4
162 151 4
162 174 4
162 181 4
162 208 4
162 222 4
162 230 4
162 237 4
162 254 2
162 298 4
162 358 2
162 403 3
162 508 3
162 544 3
162 597 3
162 628 4
162 685 3
162 710 3
162 742 3
162 943 3
163 216 4
163 234 4
163 258 4
163 269 4
163 272 4
163 286 4
163 288 3
163 300 4
163 301 3
163 305 4
163 318 4
163 347 4
163 357 4
163 433 4
163 879 3
164 148 3
164 181 4
164 222 4
164 237 4
164 245 3
164 252 4
164 258 4
164 276 4
164 281 4
164 282 4
164 291 3
164 293 4
164 298 4
164 299 4
164 300 4
164 307 4
164 313 4
164 322 3
164 323 3
164 326 4
164 331 4
164 333 4
164 342 4
164 370 3
164 405 4
164 406 3
164 407 3
164 411 3
164 458 3
164 471 4
164 472 3
164 515 4
164 597 3
164 619 4
164 620 4
164 678 3
164 685 4
164 689 4
164 717 3
164 742 4
164 748 3
164 751 4
164 823 4
164 825 3
164 845 4
164 866 4
164 926 3
164 930 3
164 934 4
164 984 2
165 174 4
165 176 4
165 181 4
165 187 4
165 216 4
165 222 4
165 258 4
165 260 2
165 270 3
165 288 3
165 304 4
165 318 4
165 325 3
165 328 3
165 332 4
165 372 4
165 419 4
165 500 4
165 651 4
166 300 3
166 313 3
166 322 2
166 323 2
166 328 3
166 343 2
166 346 3
166 347 3
166 748 2
166 751 2
166 894 1
166 984 1
167 99 4
167 126 3
167 133 3
167 136 4
167 169 4
167 204 4
167 222 4
167 225 3
167 232 3
167 235 3
167 237 4
167 238 4
167 240 3
167 241 3
167 288 3
167 290 3
167 318 4
167 364 2
167 381 4
167 392 3
167 404 4
167 435 4
167 478 4
167 486 4
167 493 4
167 512 4
167 513 4
167 521 3
167 530 4
167 568 4
167 603 4
167 615 4
167 655 4
167 659 4
167 673 4
167 675 4
167 698 3
167 719 3
167 726 3
167 733 4
167 735 4
167 831 2
167 949 4
168 100 4
168 117 4
168 118 3
168 121 3
168 123 3
168 125 3
168 126 3
168 151 3
168 222 4
168 225 3
168 235 3
168 252 3
168 255 3
168 257 3
168 258 4
168 259 2
168 274 3
168 275 4
168 280 3
168 281 3
168 282 3
168 284 3
168 288 3
168 291 3
168 294 3
168 295 3
168 300 3
168 313 4
168 323 2
168 325 3
168 405 3
168 409 3
168 411 3
168 458 3
168 472 3
168 473 3
168 596 3
168 597 3
168 619 3
168 678 2
168 685 3
168 742 3
168 744 4
168 748 3
168 763 3
168 819 3
168 866 3
168 871 3
168 930 2
168 988 1
169 174 4
169 181 4
169 204 4
169 211 4
169 213 4
169 234 4
169 243 2
169 258 4
169 260 3
169 300 4
169 301 4
169 308 4
169 321 3
169 331 4
169 429 4
169 443 4
169 480 4
169 483 4
169 495 4
169 498 4
169 499 4
169 603 4
169 604 4
169 683 3
169 684 4
169 705 4
169 879 3
170 299 3
170 304 4
170 322 3
170 323 3
170 326 3
170 328 3
170 333 3
170 348 3
170 687 2
170 749 3
170 876 2
170 881 2
170 984 2
170 988 2
171 286 4
171 288 3
171 292 4
171 302 4
171 303 4
171 304 4
171 305 4
171 306 4
171 310 4
171 313 4
171 315 3
171 327 3
171 340 4
171 344 3
171 346 4
171 354 3
171 690 4
171 887 4
171 906 3
172 220 2
172 425 4
172 430 4
172 462 4
172 463 4
172 478 4
172 483 4
172 485 4
172 488 4
172 514 4
172 580 3
172 582 4
172 603 4
172 606 4
172 612 4
172 657 4
172 697 3
172 772 2
173 286 4
173 289 3
173 292 4
173 294 3
173 299 3
173 300 4
173 302 4
173 303 4
173 305 4
173 306 4
173 319 3
173 321 3
173 322 3
173 323 2
173 324 4
173 327 3
173 328 3
173 331 3
173 332 4
173 334 3
173 678 3
173 687 2
173 690 3
173 874 3
173 879 3
173 880 3
173 937 4
173 938 3
173 984 2
173 995 3
174 15 4
174 21 2
174 28 4
174 29 3
174 31 4
174 40 3
174 41 3
174 49 3
174 50 4
174 56 4
174 63 3
174 66 3
174 67 3
174 69 4
174 70 4
174 80 3
174 82 4
174 94 3
174 100 4
174 107 4
174 111 3
174 117 4
174 118 3
174 122 2
174 124 4
174 125 3
174 126 4
174 132 4
174 138 2
174 139 3
174 140 3
174 147 4
174 151 3
174 155 3
174 158 3
174 160 4
174 162 4
174 178 4
174 196 4
174 197 4
174 204 4
174 210 4
174 216 4
174 221 4
174 237 4
174 238 4
174 239 4
174 244 3
174 246 4
174 248 3
174 255 3
174 268 4
174 269 4
174 272 4
174 276 4
174 278 2
174 280 4
174 286 4
174 288 3
174 293 3
174 312 3
174 315 3
174 323 3
174 332 3
174 333 3
174 340 4
174 347 4
174 364 2
174 368 3
174 369 2
174 371 3
174 381 4
174 383 2
174 386 3
174 388 2
174 393 4
174 395 3
174 396 4
174 401 3
174 402 4
174 412 2
174 415 2
174 417 3
174 423 4
174 433 4
174 451 3
174 456 2
174 458 3
174 471 4
174 476 3
174 546 3
174 553 3
174 571 3
174 575 3
174 577 3
174 597 3
174 623 3
174 655 4
174 660 4
174 662 4
174 696 4
174 699 4
174 709 4
174 715 3
174 716 4
174 721 3
174 722 3
174 723 3
174 724 4
174 739 3
174 742 3
174 747 4
174 762 3
174 763 3
174 764 3
174 768 3
174 780 3
174 823 4
174 843 4
174 845 4
174 846 3
174 862 3
174 871 3
174 902 3
174 905 4
174 937 4
174 949 4
174 950 2
174 953 3
175 56 4
175 64 4
175 71 4
175 88 4
175 96 4
175 100 4
175 127 4
175 132 4
175 133 4
175 147 4
175 172 4
175 176 4
175 183 4
175 186 4
175 193 4
175 195 4
175 215 4
175 234 4
175 273 4
175 419 4
175 483 4
175 496 4
175 508 4
175 629 4
175 660 4
175 661 4
175 669 2
176 100 4
176 111 3
176 117 4
176 129 3
176 150 4
176 151 4
176 222 4
176 236 4
176 237 4
176 240 3
176 246 4
176 250 4
176 258 4
176 262 4
176 268 4
176 270 4
176 272 4
176 286 4
176 288 3
176 289 3
176 294 3
176 297 3
176 298 4
176 303 4
176 305 4
176 319 3
176 321 3
176 324 4
176 325 3
176 327 4
176 328 3
176 343 3
176 347 4
176 405 3
176 475 4
176 508 4
176 741 4
176 750 4
176 751 3
176 874 3
176 875 3
176 876 3
176 881 3
176 919 4
176 927 4
176 948 3
176 952 3
177 23 4
177 47 4
177 50 4
177 55 4
177 56 4
177 59 4
177 60 4
177 64 4
177 69 4
177 79 4
177 87 4
177 89 4
177 92 4
177 96 4
177 100 4
177 121 4
177 124 4
177 129 3
177 135 4
177 150 4
177 153 4
177 154 4
177 161 4
177 168 4
177 172 4
177 173 4
177 175 4
177 176 4
177 179 4
177 181 4
177 182 4
177 183 4
177 186 4
177 195 4
177 196 4
177 197 4
177 198 4
177 200 4
177 203 4
177 209 4
177 216 4
177 217 3
177 223 4
177 243 2
177 245 3
177 258 4
177 260 2
177 268 4
177 270 3
177 271 3
177 276 4
177 288 3
177 289 3
177 292 4
177 294 3
177 299 3
177 300 4
177 302 4
177 318 4
177 321 3
177 322 3
177 324 3
177 333 3
177 334 3
177 336 4
177 338 3
177 340 4
177 343 2
177 358 2
177 403 3
177 421 4
177 433 4
177 469 4
177 470 3
177 475 4
177 508 4
177 527 4
177 568 4
177 628 4
177 642 4
177 651 4
177 654 4
177 678 2
177 689 3
177 693 4
177 806 4
177 878 2
177 919 4
177 948 3
177 960 3
177 963 4
178 11 4
178 15 4
178 16 4
178 22 4
178 24 3
178 25 3
178 28 4
178 31 4
178 38 3
178 39 3
178 50 4
178 51 3
178 55 4
178 56 4
178 58 4
178 62 4
178 64 4
178 66 3
178 70 3
178 71 4
178 73 3
178 76 4
178 77 3
178 79 4
178 82 3
178 83 4
178 87 4
178 89 4
178 90 2
178 92 4
178 95 4
178 96 4
178 97 4
178 98 4
178 99 4
178 106 3
178 117 4
178 121 4
178 123 3
178 124 4
178 125 3
178 127 4
178 131 3
178 134 4
178 135 4
178 143 4
178 144 4
178 148 3
178 153 4
178 155 3
178 156 4
178 157 4
178 164 4
178 168 4
178 172 4
178 176 4
178 178 4
178 179 4
178 180 4
178 181 4
178 183 4
178 184 4
178 187 4
178 193 4
178 195 4
178 196 4
178 197 4
178 199 4
178 200 4
178 202 4
178 204 4
178 209 4
178 210 4
178 214 4
178 216 4
178 218 3
178 219 2
178 222 4
178 226 4
178 228 4
178 229 3
178 230 4
178 233 3
178 234 4
178 235 3
178 237 4
178 238 4
178 241 3
178 244 3
178 245 3
178 246 4
178 248 4
178 249 3
178 250 4
178 255 3
178 257 4
178 258 4
178 259 2
178 260 2
178 265 4
178 271 3
178 273 4
178 274 3
178 275 4
178 276 4
178 280 3
178 281 3
178 282 3
178 284 3
178 286 4
178 288 3
178 293 3
178 294 3
178 298 4
178 300 4
178 302 4
178 304 4
178 313 4
178 316 4
178 317 3
178 318 4
178 319 3
178 322 3
178 323 3
178 326 4
178 332 3
178 333 3
178 340 3
178 342 2
178 354 3
178 358 3
178 363 3
178 367 3
178 385 4
178 405 3
178 423 4
178 427 4
178 431 3
178 433 4
178 435 4
178 454 2
178 455 3
178 458 3
178 460 4
178 465 3
178 469 4
178 472 3
178 476 3
178 478 4
178 480 4
178 483 4
178 484 4
178 491 4
178 495 4
178 500 4
178 506 4
178 508 4
178 510 4
178 520 4
178 535 3
178 540 2
178 546 3
178 549 4
178 566 4
178 568 4
178 578 3
178 591 4
178 596 3
178 597 3
178 607 4
178 619 4
178 625 3
178 651 4
178 654 4
178 655 4
178 658 3
178 678 2
178 679 3
178 682 2
178 685 3
178 696 3
178 720 3
178 724 4
178 729 3
178 731 3
178 735 4
178 739 3
178 742 3
178 744 4
178 746 4
178 748 3
178 751 3
178 756 3
178 762 3
178 763 3
178 764 3
178 781 3
178 783 3
178 790 3
178 792 4
178 809 3
178 819 3
178 845 3
178 846 3
178 849 2
178 864 3
178 866 3
178 876 2
178 877 2
178 895 3
178 926 2
178 978 2
178 984 2
179 301 4
179 302 4
179 303 4
179 305 4
179 307 3
179 310 4
179 315 4
179 316 4
179 321 3
179 331 4
179 333 3
179 339 3
179 340 4
179 345 4
179 346 4
179 354 3
179 362 3
179 690 4
179 691 4
179 750 4
179 751 3
179 893 3
179 895 3
179 902 3
179 905 3
179 914 2
179 917 3
180 69 3
180 79 3
180 83 3
180 98 4
180 111 3
180 121 3
180 153 4
180 156 3
180 173 4
180 186 4
180 191 4
180 196 4
180 201 3
180 202 3
180 204 4
180 213 3
180 216 3
180 222 3
180 258 4
180 318 4
180 367 3
180 372 3
180 380 3
180 403 3
180 421 3
180 423 4
180 431 3
180 433 4
180 462 3
180 469 3
180 631 3
180 658 3
180 660 4
180 684 3
180 694 3
180 716 3
180 729 3
180 732 3
180 733 4
180 737 2
180 739 3
180 747 3
180 762 3
180 778 3
180 785 3
180 790 3
180 939 3
180 961 4
181 10 3
181 13 3
181 14 3
181 15 3
181 16 3
181 18 2
181 19 3
181 20 2
181 21 2
181 24 3
181 25 3
181 93 3
181 100 4
181 103 1
181 104 1
181 105 2
181 108 3
181 109 3
181 111 3
181 112 2
181 116 3
181 117 3
181 118 3
181 121 3
181 122 1
181 123 3
181 124 3
181 125 2
181 126 3
181 129 3
181 137 3
181 146 3
181 147 3
181 148 2
181 149 2
181 150 3
181 220 2
181 221 2
181 222 3
181 224 4
181 225 2
181 235 2
181 236 3
181 240 2
181 242 3
181 243 2
181 251 3
181 256 4
181 258 3
181 259 2
181 260 2
181 261 2
181 262 4
181 263 2
181 264 2
181 266 2
181 268 3
181 269 3
181 270 3
181 274 3
181 275 3
181 276 3
181 277 3
181 278 2
181 279 4
181 282 3
181 283 3
181 284 2
181 285 3
181 286 3
181 288 3
181 289 2
181 290 3
181 291 2
181 292 3
181 294 2
181 300 3
181 301 3
181 302 3
181 303 3
181 304 3
181 305 3
181 306 3
181 307 2
181 308 3
181 319 2
181 321 2
181 322 2
181 323 2
181 324 3
181 325 2
181 326 3
181 327 3
181 328 3
181 329 2
181 330 2
181 331 3
181 332 3
181 334 3
181 335 1
181 336 3
181 337 2
181 358 2
181 359 3
181 360 4
181 363 3
181 368 2
181 369 2
181 405 3
181 406 1
181 407 2
181 408 4
181 409 2
181 410 3
181 411 2
181 412 1
181 413 1
181 424 1
181 455 2
181 456 1
181 457 1
181 458 2
181 459 3
181 460 3
181 471 3
181 472 2
181 475 3
181 476 2
181 477 3
181 547 2
181 591 3
181 595 2
181 597 2
181 598 3
181 619 3
181 620 3
181 628 3
181 676 3
181 680 2
181 681 2
181 682 1
181 683 2
181 688 1
181 690 3
181 696 3
181 718 4
181 740 2
181 741 3
181 742 3
181 744 3
181 748 2
181 749 3
181 756 2
181 758 1
181 760 1
181 762 2
181 763 2
181 764 2
181 766 4
181 767 1
181 813 3
181 818 3
181 819 3
181 820 2
181 823 3
181 824 2
181 825 2
181 827 2
181 828 1
181 829 2
181 831 2
181 832 3
181 833 2
181 834 1
181 840 2
181 841 2
181 844 2
181 845 3
181 846 2
181 847 3
181 864 2
181 866 2
181 870 3
181 872 2
181 873 1
181 874 2
181 875 2
181 876 2
181 877 1
181 878 2
181 879 2
181 881 2
181 882 3
181 883 3
181 884 2
181 885 2
181 886 3
181 887 4
181 919 3
181 920 3
181 922 3
181 924 2
181 925 2
181 926 2
181 927 4
181 928 2
181 929 2
181 930 1
181 931 1
181 932 2
181 933 1
181 934 3
181 937 3
181 938 2
181 948 2
181 950 1
181 952 3
181 974 2
181 975 3
181 976 1
181 977 2
181 978 2
181 979 3
181 980 2
181 981 2
181 982 1
181 983 2
181 984 1
181 985 2
181 986 1
181 989 3
181 990 3
181 991 3
181 995 3
182 121 4
182 123 3
182 126 4
182 150 4
182 172 4
182 178 4
182 181 4
182 191 4
182 203 4
182 222 4
182 237 4
182 257 4
182 283 3
182 293 4
182 423 4
182 471 4
182 479 4
182 596 3
182 763 3
182 845 3
182 864 3
183 94 3
183 96 3
183 144 3
183 159 2
183 176 3
183 177 3
183 181 3
183 202 3
183 203 3
183 210 3
183 212 3
183 216 3
183 222 3
183 225 2
183 226 3
183 227 3
183 228 3
183 229 2
183 230 3
183 241 3
183 250 3
183 257 3
183 265 3
183 270 3
183 273 3
183 294 2
183 331 3
183 356 3
183 375 3
183 380 3
183 405 3
183 431 3
183 450 1
183 483 4
183 485 3
183 562 3
183 720 2
184 14 4
184 15 4
184 20 3
184 22 4
184 25 4
184 34 1
184 36 2
184 40 3
184 44 4
184 47 4
184 50 4
184 51 3
184 52 4
184 56 4
184 57 4
184 58 4
184 64 4
184 65 4
184 66 3
184 67 3
184 69 4
184 70 3
184 71 4
184 72 3
184 77 3
184 79 4
184 82 3
184 86 4
184 88 4
184 89 4
184 91 4
184 92 4
184 93 4
184 97 4
184 98 4
184 100 4
184 116 4
184 117 4
184 118 3
184 121 4
184 124 4
184 126 4
184 127 4
184 132 4
184 134 4
184 137 4
184 143 3
184 153 4
184 155 3
184 161 4
184 164 4
184 165 4
184 166 4
184 170 4
184 172 4
184 174 4
184 175 4
184 176 4
184 181 4
184 182 4
184 183 4
184 185 4
184 187 4
184 191 4
184 196 4
184 202 4
184 203 4
184 207 4
184 208 4
184 210 4
184 213 4
184 215 4
184 216 4
184 217 3
184 218 3
184 220 2
184 221 3
184 223 4
184 231 3
184 235 3
184 237 4
184 250 4
184 252 3
184 254 2
184 255 4
184 258 4
184 259 2
184 272 4
184 275 4
184 277 4
184 283 3
184 285 4
184 286 4
184 287 4
184 301 4
184 321 3
184 340 3
184 357 4
184 378 4
184 381 4
184 382 4
184 393 4
184 396 4
184 399 4
184 401 3
184 402 4
184 403 3
184 405 3
184 410 3
184 411 3
184 412 2
184 423 4
184 428 4
184 443 4
184 447 4
184 451 3
184 458 3
184 462 4
184 473 3
184 476 3
184 478 4
184 483 4
184 485 4
184 487 4
184 488 4
184 492 4
184 496 4
184 497 3
184 498 4
184 506 4
184 508 3
184 511 4
184 512 4
184 514 4
184 515 4
184 517 4
184 521 3
184 522 3
184 523 4
184 527 4
184 528 4
184 529 4
184 531 4
184 553 3
184 559 3
184 568 4
184 582 4
184 584 4
184 588 4
184 591 4
184 596 3
184 602 4
184 604 4
184 606 4
184 631 3
184 632 4
184 639 4
184 640 3
184 642 4
184 644 4
184 645 4
184 647 4
184 651 4
184 654 4
184 655 4
184 657 4
184 660 4
184 664 4
184 665 3
184 692 4
184 693 3
184 694 4
184 699 4
184 707 4
184 708 3
184 715 3
184 716 4
184 724 4
184 729 3
184 736 4
184 738 3
184 739 3
184 742 3
184 747 4
184 766 4
184 780 3
184 805 4
184 813 4
184 836 4
184 845 3
184 855 4
184 942 4
184 945 4
184 949 4
184 950 2
184 956 3
184 972 3
184 995 3
185 86 4
185 111 3
185 114 4
185 116 4
185 127 4
185 160 4
185 181 4
185 196 4
185 197 4
185 199 4
185 205 3
185 216 4
185 223 4
185 237 4
185 269 4
185 275 4
185 276 4
185 279 4
185 285 4
185 286 4
185 287 4
185 318 4
185 321 3
185 423 4
185 447 4
185 514 4
185 515 4
185 528 4
185 638 4
185 690 3
185 701 3
185 740 3
185 939 4
186 71 4
186 79 4
186 95 4
186 98 4
186 100 4
186 106 3
186 117 4
186 118 3
186 121 4
186 148 2
186 159 3
186 203 4
186 225 3
186 226 4
186 237 4
186 243 2
186 250 4
186 257 3
186 258 4
186 263 2
186 281 3
186 288 3
186 291 3
186 298 4
186 299 2
186 300 3
186 302 4
186 303 3
186 306 4
186 322 3
186 327 3
186 330 3
186 332 3
186 333 3
186 338 3
186 356 4
186 385 4
186 406 2
186 470 3
186 477 3
186 540 2
186 546 3
186 550 3
186 554 2
186 566 4
186 568 4
186 588 4
186 591 4
186 595 3
186 596 3
186 684 4
186 689 3
186 717 2
186 742 3
186 754 4
186 770 3
186 820 3
186 829 3
186 880 3
186 887 4
186 925 3
186 934 3
186 939 3
186 977 2
186 983 2
186 988 2
187 69 4
187 70 3
187 83 4
187 86 4
187 97 4
187 116 4
187 134 4
187 135 4
187 168 4
187 175 4
187 179 4
187 186 4
187 191 4
187 196 4
187 197 4
187 209 4
187 210 4
187 213 4
187 214 4
187 215 4
187 216 4
187 241 3
187 275 4
187 423 4
187 427 4
187 428 4
187 433 4
187 435 4
187 462 4
187 522 4
187 523 4
187 582 4
187 651 4
187 659 4
187 660 4
187 663 4
187 732 4
187 735 4
187 736 4
187 747 4
187 792 4
188 38 3
188 54 3
188 56 4
188 64 4
188 66 3
188 69 4
188 76 4
188 77 3
188 79 4
188 88 4
188 96 4
188 97 4
188 98 4
188 100 4
188 118 3
188 121 3
188 127 4
188 143 4
188 144 4
188 148 3
188 151 4
188 153 4
188 157 4
188 159 3
188 161 4
188 162 4
188 164 4
188 173 4
188 174 4
188 177 4
188 180 4
188 181 4
188 185 4
188 191 4
188 194 4
188 195 4
188 199 4
188 202 4
188 204 4
188 205 4
188 209 4
188 210 4
188 211 4
188 216 4
188 218 3
188 226 4
188 233 4
188 234 4
188 237 4
188 240 3
188 265 4
188 281 3
188 288 4
188 294 3
188 318 4
188 326 4
188 357 4
188 392 4
188 419 4
188 443 4
188 462 4
188 468 4
188 470 3
188 474 4
188 483 4
188 485 4
188 498 4
188 504 4
188 510 4
188 511 4
188 519 4
188 553 3
188 554 3
188 566 4
188 568 4
188 591 4
188 628 4
188 629 4
188 632 4
188 651 4
188 673 4
188 678 3
188 692 4
188 717 2
188 732 4
188 742 3
188 764 3
188 769 2
188 792 4
188 864 3
188 877 2
188 928 3
188 930 2
189 13 4
189 15 4
189 16 4
189 20 3
189 21 3
189 24 3
189 30 4
189 31 4
189 44 4
189 45 4
189 50 4
189 56 4
189 60 4
189 61 4
189 79 4
189 83 4
189 89 4
189 91 4
189 96 4
189 97 4
189 99 4
189 100 4
189 105 2
189 118 3
189 120 2
189 121 3
189 124 4
189 127 4
189 129 3
189 131 4
189 132 4
189 133 4
189 134 4
189 135 4
189 136 4
189 143 4
189 150 4
189 151 4
189 162 4
189 165 4
189 166 4
189 172 4
189 173 4
189 174 4
189 175 4
189 176 4
189 178 4
189 181 4
189 191 4
189 194 4
189 196 4
189 197 4
189 198 4
189 203 4
189 204 4
189 207 4
189 209 4
189 214 4
189 216 4
189 225 3
189 234 4
189 238 4
189 241 3
189 246 4
189 248 4
189 253 4
189 268 4
189 274 3
189 275 4
189 276 4
189 281 3
189 283 3
189 294 3
189 313 4
189 317 4
189 378 4
189 381 4
189 418 4
189 423 4
189 433 4
189 462 4
189 474 4
189 479 4
189 480 4
189 483 4
189 484 4
189 485 4
189 487 4
189 492 4
189 496 4
189 499 4
189 500 4
189 501 4
189 503 4
189 505 4
189 510 4
189 512 4
189 513 4
189 516 4
189 517 4
189 520 4
189 526 3
189 527 4
189 596 3
189 603 4
189 607 4
189 618 4
189 630 3
189 632 4
189 634 4
189 638 4
189 639 4
189 647 4
189 652 4
189 654 4
189 656 4
189 657 4
189 661 4
189 663 4
189 694 4
189 705 4
189 732 4
189 742 3
189 751 3
189 815 3
189 820 3
189 847 4
189 855 4
189 863 4
189 914 2
189 934 3
189 952 3
189 990 3
190 147 4
190 148 3
190 222 4
190 245 3
190 269 4
190 272 4
190 273 3
190 276 4
190 281 3
190 282 3
190 291 3
190 294 3
190 300 3
190 302 4
190 310 3
190 313 4
190 326 3
190 333 3
190 340 3
190 354 3
190 363 3
190 405 3
190 471 3
190 508 3
190 539 2
190 544 3
190 546 3
190 591 4
190 597 3
190 628 3
190 685 3
190 696 3
190 717 2
190 742 3
190 748 3
190 751 3
190 823 4
190 895 3
190 898 2
190 974 3
190 977 2
190 989 3
191 288 3
191 300 3
191 301 4
191 302 4
191 307 3
191 313 4
191 316 4
191 328 3
191 331 3
191 332 3
191 339 4
191 340 4
191 343 3
191 345 4
191 750 4
191 751 3
191 752 3
191 754 4
191 891 2
191 896 4
191 900 4
192 121 4
192 125 3
192 127 4
192 235 3
192 252 3
192 257 4
192 258 4
192 276 4
192 277 4
192 284 3
192 301 4
192 302 4
192 340 4
192 476 2
192 515 4
192 813 4
192 948 3
193 29 3
193 33 3
193 38 3
193 56 4
193 69 3
193 72 3
193 73 3
193 79 4
193 82 3
193 94 3
193 96 4
193 100 4
193 111 3
193 117 4
193 121 3
193 122 2
193 127 4
193 147 4
193 153 4
193 155 3
193 161 3
193 174 4
193 177 4
193 187 4
193 194 4
193 195 4
193 199 4
193 210 4
193 218 3
193 234 4
193 237 3
193 246 4
193 258 4
193 259 2
193 260 2
193 268 4
193 269 4
193 274 3
193 276 4
193 280 3
193 286 4
193 288 3
193 294 3
193 300 3
193 301 4
193 307 3
193 310 3
193 313 4
193 327 3
193 328 3
193 332 3
193 343 2
193 352 3
193 354 3
193 362 3
193 366 3
193 368 2
193 393 4
193 402 4
193 403 3
193 407 2
193 410 3
193 412 2
193 435 4
193 443 4
193 465 3
193 476 2
193 485 3
193 508 3
193 541 3
193 553 3
193 554 2
193 562 4
193 580 4
193 627 3
193 673 3
193 682 2
193 684 4
193 689 2
193 693 3
193 722 3
193 739 3
193 742 3
193 750 4
193 755 3
193 763 3
193 781 3
193 790 3
193 815 3
193 827 3
193 845 3
193 869 3
193 871 3
193 879 3
193 895 2
193 905 3
193 928 3
193 941 2
194 12 4
194 13 4
194 15 4
194 22 4
194 23 4
194 25 3
194 26 3
194 28 4
194 29 3
194 30 4
194 31 4
194 44 4
194 50 4
194 51 3
194 52 4
194 54 3
194 56 4
194 58 4
194 62 4
194 64 4
194 66 3
194 69 4
194 70 3
194 71 4
194 72 3
194 73 3
194 76 4
194 77 3
194 78 3
194 81 4
194 82 3
194 83 4
194 86 4
194 87 4
194 88 4
194 89 4
194 90 2
194 91 4
194 94 3
194 95 4
194 97 4
194 98 4
194 99 4
194 100 4
194 117 4
194 118 3
194 121 3
194 124 4
194 127 4
194 132 4
194 133 3
194 134 4
194 135 4
194 143 4
194 144 4
194 152 4
194 153 4
194 154 4
194 155 3
194 157 4
194 159 3
194 160 4
194 161 4
194 162 4
194 165 4
194 172 4
194 173 4
194 174 4
194 175 4
194 177 4
194 178 4
194 179 4
194 180 4
194 181 4
194 182 4
194 183 4
194 185 4
194 187 4
194 188 3
194 191 4
194 192 3
194 193 4
194 194 4
194 195 4
194 196 4
194 197 4
194 198 4
194 202 4
194 203 4
194 205 3
194 209 4
194 210 4
194 211 4
194 212 3
194 213 4
194 215 4
194 216 4
194 218 3
194 219 2
194 222 4
194 225 3
194 226 4
194 227 3
194 229 3
194 230 4
194 232 3
194 234 4
194 235 3
194 237 4
194 238 4
194 239 4
194 241 3
194 259 2
194 274 3
194 276 4
194 281 3
194 282 4
194 284 3
194 286 4
194 289 3
194 294 3
194 317 3
194 321 3
194 356 4
194 357 4
194 366 4
194 367 3
194 371 3
194 376 3
194 380 4
194 383 2
194 385 4
194 387 3
194 393 4
194 402 4
194 403 3
194 404 4
194 405 3
194 410 3
194 414 4
194 417 3
194 419 4
194 423 4
194 425 4
194 427 4
194 431 3
194 432 3
194 433 4
194 443 4
194 449 3
194 450 2
194 451 3
194 456 2
194 465 3
194 466 4
194 467 4
194 470 3
194 471 4
194 474 4
194 478 4
194 479 4
194 481 4
194 482 4
194 483 4
194 485 4
194 488 4
194 491 4
194 498 4
194 503 3
194 504 4
194 507 4
194 509 4
194 510 4
194 511 4
194 514 4
194 516 4
194 517 4
194 519 4
194 520 4
194 521 3
194 523 4
194 526 3
194 527 4
194 529 4
194 530 4
194 540 2
194 542 3
194 546 3
194 549 4
194 559 3
194 562 4
194 566 4
194 568 4
194 576 3
194 580 4
194 582 4
194 588 4
194 616 4
194 623 3
194 624 4
194 625 3
194 628 4
194 629 4
194 631 3
194 633 4
194 636 3
194 640 3
194 642 4
194 647 4
194 648 4
194 651 4
194 655 4
194 657 4
194 659 4
194 660 4
194 663 4
194 674 3
194 692 4
194 693 3
194 705 4
194 708 3
194 720 3
194 732 4
194 735 4
194 736 4
194 737 2
194 739 3
194 744 4
194 756 3
194 762 3
194 770 3
194 780 3
194 783 3
194 792 4
194 808 2
194 820 3
194 837 4
194 864 3
194 871 3
194 939 3
194 941 2
194 944 2
194 946 3
194 951 3
194 971 3
194 991 3
194 997 2
195 60 4
195 61 4
195 67 3
195 93 4
195 99 4
195 100 4
195 127 4
195 132 4
195 134 4
195 143 3
195 152 4
195 154 4
195 181 4
195 186 4
195 198 4
195 213 4
195 227 3
195 234 4
195 235 3
195 258 4
195 264 3
195 265 4
195 271 2
195 273 4
195 276 4
195 298 3
195 300 4
195 304 4
195 313 4
195 325 3
195 326 3
195 328 3
195 358 2
195 373 3
195 384 3
195 386 3
195 387 4
195 407 3
195 413 2
195 421 4
195 431 3
195 433 4
195 451 3
195 469 4
195 477 3
195 496 4
195 500 4
195 508 3
195 558 3
195 582 4
195 591 4
195 636 3
195 651 4
195 678 2
195 740 2
195 748 2
195 751 3
195 753 4
195 771 2
195 779 3
195 797 3
195 809 3
195 823 4
195 831 2
195 877 2
195 887 4
195 921 4
195 982 2
196 70 3
196 94 4
196 108 3
196 111 3
196 116 4
196 153 4
196 173 4
196 202 4
196 238 4
196 242 4
196 251 4
196 257 4
196 285 4
196 286 4
196 287 4
196 306 4
196 340 4
196 381 4
196 382 4
196 393 4
196 411 3
196 428 4
196 580 4
196 655 4
196 663 4
196 692 4
196 762 3
196 845 3
197 33 3
197 38 2
197 39 3
197 55 3
197 56 4
197 62 3
197 68 3
197 79 3
197 82 3
197 89 4
197 92 3
197 96 3
197 127 3
197 161 3
197 172 3
197 174 4
197 176 3
197 177 3
197 181 4
197 182 3
197 183 4
197 184 3
197 187 4
197 188 3
197 190 4
197 195 4
197 210 3
197 226 3
197 228 3
197 229 2
197 230 3
197 231 2
197 232 3
197 233 3
197 241 3
197 245 2
197 258 3
197 259 2
197 265 3
197 271 2
197 286 3
197 288 3
197 289 2
197 294 3
197 300 3
197 302 3
197 307 3
197 313 4
197 316 4
197 321 3
197 322 2
197 323 2
197 326 3
197 328 3
197 332 3
197 333 3
197 340 3
197 344 3
197 346 4
197 347 3
197 354 3
197 362 3
197 373 3
197 385 3
197 399 3
197 403 3
197 431 3
197 435 4
197 449 3
197 510 4
197 511 4
197 515 4
197 518 3
197 526 3
197 530 3
197 538 2
197 550 3
197 554 2
197 566 3
197 570 3
197 578 2
197 586 1
197 651 4
197 665 2
197 678 2
197 679 3
197 684 3
197 688 1
197 690 3
197 720 2
197 748 2
197 750 3
197 770 3
197 779 2
197 808 2
197 849 1
197 879 2
197 880 3
197 895 2
197 947 3
198 15 4
198 23 4
198 24 3
198 25 3
198 27 3
198 31 4
198 33 3
198 50 4
198 51 3
198 55 4
198 56 4
198 58 4
198 64 4
198 65 4
198 69 3
198 70 3
198 73 3
198 79 4
198 82 3
198 95 4
198 97 4
198 98 4
198 100 4
198 101 3
198 108 3
198 117 4
198 118 3
198 121 3
198 122 2
198 127 4
198 131 3
198 132 4
198 135 4
198 143 3
198 148 3
198 153 4
198 154 4
198 156 4
198 161 3
198 164 4
198 168 4
198 172 4
198 173 4
198 174 4
198 175 4
198 176 4
198 179 4
198 180 4
198 182 4
198 183 4
198 184 4
198 185 4
198 186 4
198 187 4
198 188 3
198 191 4
198 193 4
198 195 4
198 196 4
198 197 4
198 198 4
198 200 3
198 203 4
198 208 4
198 210 4
198 214 4
198 215 4
198 216 4
198 217 3
198 218 3
198 222 4
198 228 4
198 229 3
198 234 4
198 237 3
198 241 3
198 248 3
198 249 3
198 258 4
198 265 4
198 276 4
198 280 3
198 291 3
198 298 4
198 300 3
198 318 4
198 323 2
198 356 3
198 357 4
198 369 2
198 381 3
198 382 3
198 385 3
198 402 4
198 403 3
198 405 3
198 410 3
198 411 3
198 427 4
198 429 4
198 431 3
198 433 4
198 434 4
198 447 4
198 455 3
198 462 3
198 480 4
198 498 4
198 501 3
198 509 4
198 511 4
198 518 4
198 527 4
198 531 4
198 549 4
198 559 3
198 568 4
198 581 4
198 629 3
198 631 3
198 636 3
198 640 3
198 651 4
198 652 3
198 654 4
198 655 4
198 658 3
198 660 4
198 690 3
198 692 3
198 693 3
198 707 4
198 727 3
198 746 4
198 748 3
198 763 3
198 820 3
198 823 4
198 824 3
198 871 3
198 923 4
198 959 4
198 979 3
199 100 4
199 111 3
199 116 4
199 117 4
199 221 3
199 242 4
199 258 4
199 259 2
199 268 4
199 276 4
199 285 4
199 286 4
199 294 3
199 313 4
199 322 3
199 323 2
199 324 4
199 405 3
199 408 4
199 473 3
199 475 4
199 508 4
199 539 3
199 678 2
199 687 1
199 892 3
199 948 2
199 988 2
199 989 3
200 11 4
200 15 4
200 24 3
200 25 3
200 28 4
200 29 3
200 33 3
200 38 3
200 43 3
200 45 4
200 48 4
200 50 4
200 54 3
200 56 4
200 58 4
200 62 4
200 63 3
200 68 3
200 69 4
200 71 4
200 72 3
200 79 4
200 82 4
200 88 4
200 89 4
200 91 4
200 94 3
200 95 4
200 96 4
200 98 4
200 99 4
200 103 2
200 107 3
200 112 2
200 117 4
200 118 3
200 121 3
200 123 3
200 125 3
200 132 4
200 135 4
200 140 3
200 141 4
200 143 4
200 147 4
200 148 3
200 151 3
200 161 4
200 169 4
200 173 4
200 174 4
200 177 4
200 179 4
200 183 4
200 188 3
200 191 4
200 193 4
200 195 4
200 196 4
200 202 4
200 205 3
200 208 4
200 210 4
200 215 4
200 218 3
200 222 4
200 225 3
200 226 4
200 227 3
200 228 4
200 229 3
200 230 4
200 231 3
200 234 4
200 235 3
200 241 3
200 243 2
200 245 3
200 258 4
200 265 4
200 276 4
200 280 4
200 282 3
200 286 4
200 291 3
200 294 3
200 304 4
200 313 4
200 318 4
200 323 3
200 325 3
200 357 4
200 358 3
200 363 3
200 365 2
200 373 4
200 378 4
200 385 4
200 391 3
200 392 3
200 393 4
200 401 3
200 402 4
200 405 3
200 409 3
200 410 3
200 411 3
200 419 4
200 420 4
200 423 4
200 431 3
200 432 4
200 443 4
200 449 3
200 451 3
200 455 3
200 462 4
200 472 3
200 473 3
200 478 4
200 483 4
200 495 4
200 496 4
200 501 4
200 509 4
200 515 4
200 527 4
200 528 4
200 542 3
200 546 3
200 549 4
200 552 4
200 559 3
200 560 2
200 568 4
200 570 4
200 576 3
200 578 3
200 580 4
200 582 4
200 584 4
200 586 2
200 588 4
200 596 3
200 597 3
200 609 3
200 622 4
200 652 4
200 660 4
200 665 3
200 673 4
200 674 3
200 679 4
200 685 4
200 692 4
200 717 2
200 720 3
200 739 3
200 742 3
200 743 3
200 748 3
200 755 3
200 756 3
200 758 2
200 760 2
200 768 3
200 771 2
200 802 3
200 820 3
200 826 2
200 831 2
200 840 3
200 841 2
200 866 3
200 890 2
200 892 3
200 924 3
200 929 3
200 951 3
200 982 2
200 984 2
